    +1.4118E-01    +3.4849E-01    -2.1376E+00    -2.0138E+00    +3.4858E-01    -8.6601E-01
    -7.9154E-01    +3.6417E-01    +2.2905E-01    -2.4433E-02    +8.0895E-02    -2.5339E+00
    +4.2274E-01    -3.5726E-01    -1.4079E+00    +2.0950E+00    +1.9924E-01    -3.6119E-01
    +2.0876E-01    -5.1900E-01    -1.3729E+00    +1.2958E+00    -5.7357E-01    -7.2633E-01
    +1.1912E+00    +1.9484E-01    +1.3852E-01    +2.1822E-01    +7.4404E-02    -2.0444E+00
    +2.4345E-01    +1.8727E-01    -2.0697E+00    -1.9168E+00    -7.2203E-01    -4.1445E+00
    -7.4921E-01    -2.4665E-02    -6.4367E-01    -2.4296E+00    +1.4810E+00    +6.7769E-01
    +2.6594E-01    +2.8359E-01    -2.3488E+00    +1.2598E+00    +2.5855E-01    +3.9290E-01
    -9.4815E-01    +4.0145E-01    +7.9675E-01    -1.8903E+00    -1.8121E+00    -3.1744E-01
    -1.1315E+00    +2.1145E-01    +1.3286E+00    +2.1973E-01    +3.5315E+00    +1.5902E-01
    -4.6075E-01    +2.2891E-01    -2.2249E+00    +1.8390E+00    -2.9285E+00    -4.7532E+00
    +2.1381E-01    +3.3038E-01    +7.6019E-01    -8.9313E-01    +8.7728E-01    +2.6239E+00
    -1.9044E-01    +3.7381E-01    -2.3291E+00    -2.6284E+00    -1.4899E+00    +1.2573E-01
    -7.3310E-02    +3.7320E-01    +3.8878E+00    -2.3322E+00    +8.6012E-02    -1.5193E+00
    -8.9304E-01    +7.4077E-02    +2.9711E+00    -8.7244E-01    +5.9505E-01    +7.2883E-01
    +9.2566E-03    -1.8041E-01    +8.9031E-01    +1.8819E+00    +2.1053E+00    -1.6433E+00
    +7.4018E-01    -6.1879E-02    +1.3423E-01    -1.5220E+00    -1.2123E+00    -1.5824E-01
    -2.5785E-02    +6.3444E-02    -1.4440E+00    -2.0660E+00    +1.2251E+00    -3.9860E-01
    -4.9005E-01    -2.6340E-01    +2.4389E+00    -3.7401E+00    -2.0428E+00    -2.1700E-01
    -4.1697E-01    +6.4652E-01    +1.6259E+00    +1.4241E+00    +3.3318E-01    +2.4360E+00
    +7.1593E-01    +3.1331E-02    -1.6334E+00    -8.4420E-01    +1.0859E+00    -3.5891E-02
    -5.9498E-01    -7.7585E-01    +2.4594E+00    -4.9336E-01    -8.8594E-01    +2.3511E-01
    -2.3812E-01    +2.1196E-01    +2.2551E+00    -2.1616E+00    -8.1726E-01    +1.5717E+00
    -7.6829E-01    +8.6575E-04    +2.2364E-01    -4.4947E-01    -3.1280E+00    -1.5442E+00
    -6.9825E-01    +4.6985E-01    -2.7186E-01    -3.1262E-01    +9.8858E-01    -3.9179E-01
    -7.3319E-01    -3.9223E-01    -2.4557E-01    -9.2511E-02    +3.6759E-01    +2.8989E-01
    -4.4889E-01    +3.7416E-02    -4.6855E-02    -3.4119E-01    -2.4062E-01    +1.3475E+00
    -3.4662E-01    +5.1983E-01    +1.6027E+00    -1.9451E+00    -4.5485E-02    -1.4798E+00
    -3.5881E-01    -9.8930E-02    -2.2116E+00    +5.9100E-01    -3.3858E+00    +1.6385E-01
    -4.7320E-01    +2.1684E-01    -3.0692E-02    -6.8037E-01    +1.4438E-02    +2.1008E-01
    +7.4315E-01    +8.1106E-03    +2.6478E+00    -3.5024E-01    -6.2417E-01    -1.3534E+00
    +1.3610E-02    -5.6662E-01    -1.5858E+00    -1.1023E+00    +1.7255E+00    -1.8215E+00
    -5.3511E-01    +1.5322E-03    -1.3538E+00    -6.4020E-01    -2.7004E+00    -6.6630E-01
    -5.6289E-01    -2.3613E-02    +9.9623E-01    +6.7805E-01    -9.3264E-02    +1.2129E+00
    -1.2748E-01    -6.6858E-01    +1.3109E+00    +9.8967E-02    +8.2548E-01    -4.9434E-01
    +3.8496E-01    +8.4609E-01    +1.0922E+00    -4.9925E-01    -2.7927E+00    -4.4431E-01
    +6.5900E-01    +2.6258E-01    -1.4113E+00    -1.6883E-01    +2.4208E+00    +4.4889E-01
    -4.5460E-01    -2.2003E-01    +4.6672E-01    -1.5041E+00    +1.2739E+00    +5.4135E-01
    +2.8909E-01    +3.4015E-01    +1.6348E+00    +7.7447E-01    +6.0021E-01    +1.9174E-01
    -4.3628E-01    -1.9313E-01    -1.0024E+00    -1.1109E+00    +2.8306E+00    +1.3489E+00
    +3.7915E-01    +1.7705E-04    -9.6888E-01    +3.3818E+00    +5.7009E-01    +3.3531E-01
    +2.0160E-02    +1.0166E-01    +1.0450E-01    +3.8868E-02    +3.6986E-01    +1.8055E+00
    +3.6984E-01    -5.3216E-02    -9.6701E-01    +3.4920E-03    -2.4841E+00    -5.7894E-01
    +1.5820E-02    +4.7079E-01    +1.9338E+00    -1.3246E+00    -1.4908E-01    +7.5533E-01
    -7.0975E-02    -6.5055E-01    +5.4231E-01    -5.4129E-01    -4.3012E-01    -8.1769E+00
    +4.8840E-02    +6.4573E-01    -3.6619E-01    -1.5154E-01    +1.6364E+00    -5.5461E-01
    +2.5045E-01    +3.3081E-01    -8.6319E-01    +2.6695E+00    +1.6683E+00    -8.4675E-02
    +4.6220E-02    +3.1544E-01    -6.4690E-01    -1.2398E+00    -2.8663E-01    +3.8048E-01
    +1.1339E+00    -8.7556E-01    +1.3729E+00    -1.1997E+00    +3.5022E+00    +9.0218E-01
    +3.9955E-02    +8.2897E-01    -6.8921E-01    +1.1823E+00    +1.8808E+00    -1.3545E-01
    -3.3808E-01    -4.4576E-01    -1.5685E+00    +1.3830E+00    -2.8910E+00    -1.5552E+00
    -1.3425E-01    +7.9834E-02    +1.2023E+00    -7.7170E-01    +6.7883E-01    -1.4300E+00
    +3.1452E-01    +7.9530E-01    -1.2866E+00    -1.4152E+00    -2.4938E-02    +4.4955E-01
    +6.3756E-01    -5.9918E-01    -1.3339E+00    -4.1085E-01    -1.1472E+00    +1.3179E+00
    -1.8575E-01    +1.2069E-01    -3.1581E+00    +5.9718E-01    +1.0904E+00    -1.1818E+00
    +4.9679E-01    -9.0749E-02    +6.3492E-01    +2.6077E+00    -1.3191E+00    +1.0095E+00
    +1.4806E-01    +1.6825E-01    -1.0685E+00    +3.2888E+00    -4.5574E-01    -3.4526E-01
    -2.9196E-01    -3.5694E-01    -2.4010E+00    +3.8577E-01    +2.5098E+00    +6.7234E-01
    +7.4142E-01    +3.9588E-01    -1.6426E+00    -9.1165E-01    -7.9046E-01    +1.2057E+00
    -1.1155E-01    +3.2024E-01    +2.4169E+00    +5.2853E-01    -8.4081E-01    +3.6581E-01
    +4.4307E-01    -4.1611E-02    +2.7965E-01    +1.8522E+00    +1.0019E+00    -1.1313E+00
    +1.3520E-01    +4.6285E-01    -7.5402E-01    -1.5696E+00    +1.1123E+00    +7.2916E-01
    -3.8292E-01    -1.1795E-01    -5.8713E-01    -9.5500E-01    -2.0741E+00    -1.7612E+00
    -6.2482E-01    +3.4508E-01    +5.8818E-01    +2.1858E+00    +9.8019E-01    -2.6647E+00
    -6.7504E-02    -6.9159E-01    +4.5120E-01    -1.1126E+00    -2.5574E+00    +1.1675E+00
    -3.4396E-01    +2.6208E-01    +8.6577E-01    +1.1323E+00    +2.3838E-01    +3.4478E-01
    -5.5927E-01    -8.0662E-01    -7.8380E-01    -2.3309E+00    -1.8050E+00    +3.6342E+00
    -4.5506E-02    -1.0702E-01    +2.5345E+00    +1.0754E+00    +6.0383E-01    +2.6067E+00
    +8.4696E-01    +3.1081E-02    +5.6102E-01    -1.1144E+00    +3.0437E-02    +2.6667E-01
    -7.1836E-01    +2.9738E-01    -1.6966E+00    +2.4470E+00    +1.0794E+00    -2.6827E-01
    +1.7913E-01    +2.0940E-02    -4.6171E-01    -6.4310E-01    -1.3237E+00    +6.7553E-01
    +1.4290E-01    -3.0580E-01    +7.4110E-01    -8.8907E-02    -1.8892E-02    +3.0814E+00
    -5.4326E-01    +6.6597E-02    -2.8325E+00    +3.3725E+00    +1.0267E+00    -1.1488E+00
    -5.1087E-01    +5.7569E-02    +5.4783E-01    -6.8902E-01    +5.3944E-02    -1.9631E+00
    +3.0521E-01    +2.7251E-01    +4.0843E-01    -1.6429E+00    -1.0106E+00    -7.5929E+00
    +1.2968E-01    +6.5702E-01    +1.2676E+00    +6.4667E-01    -2.1297E-01    -2.5014E-01
    -8.4779E-01    -1.2790E-02    +2.4760E+00    +6.1098E-01    -7.8345E-01    -4.3234E-01
    -1.2416E+00    +7.6251E-01    +1.5971E+00    -1.7595E+00    -5.5174E-01    -1.3156E-01
    +4.1528E-01    -5.1027E-01    +1.9227E+00    -2.3306E-01    +1.6966E+00    -4.6917E-01
    -1.2607E-01    +4.2514E-01    +1.7271E+00    +1.2213E+00    +4.2446E-01    +3.2777E-01
    +1.6804E-01    -3.7185E-02    -1.6733E+00    +1.2811E+00    -1.8297E-01    -6.7789E-02
    -6.8065E-01    -4.4034E-01    -1.2137E+00    +6.9972E-01    +6.1806E-01    +8.0699E-02
    -7.3626E-01    -2.2494E-01    +1.9253E+00    +7.4775E-01    -5.4651E+00    +2.0789E-01
    -3.3550E-01    -7.9791E-01    -5.6620E-01    +1.0431E+00    -8.7209E-01    +6.5240E-01
    -8.5722E-01    +3.0683E-01    -2.1819E+00    +1.3210E+00    -1.1846E+00    -1.3106E+00
    -3.0843E-01    -5.1092E-01    -1.0110E+00    +1.9613E-01    +2.1355E+00    +6.9641E-01
    -2.8737E-01    +7.8128E-01    -5.5605E-01    +1.7145E+00    -6.6123E-02    -3.9376E-02
    +4.2558E-02    -3.2628E-01    -1.7225E+00    -1.7235E+00    +2.2423E+00    -3.8064E+00
    +3.1053E-01    +7.3052E-01    +1.6465E+00    -3.0819E-01    -2.5734E-01    +7.9722E-01
    -1.0317E-01    +4.1233E-01    -2.2729E+00    -9.2523E-01    +4.5192E-01    +3.6336E+00
    -2.7095E-01    -3.0770E-01    -2.1367E+00    -1.8448E-01    -2.6416E+00    -1.2384E+00
    -1.0533E-01    -6.4492E-01    -1.2700E+00    -1.1393E-02    -2.3073E-01    -6.8215E-01
    +4.5488E-01    +1.3703E-01    +1.8178E+00    +9.8540E-01    +3.4773E+00    +4.1402E+00
    +3.6242E-01    +2.6881E-01    -1.9580E+00    -9.4342E-03    +2.3317E+00    +1.8342E+00
    +2.6766E-01    -1.5940E-02    -5.6099E-01    +3.5233E-01    +8.6622E-01    -9.8992E-01
    -1.1789E-01    -1.9562E-01    +4.0695E-01    +7.2532E-01    +6.6720E-01    -4.5231E-02
    +4.8194E-01    -3.1857E-01    +5.6229E-02    -2.5775E-01    -6.4104E-01    -7.0734E-01
    +4.1596E-01    +5.4826E-01    +1.2903E+00    -1.9671E+00    +6.5528E-01    +3.1782E-01
    -1.1213E+00    -4.0374E-01    +1.1695E-01    -7.7503E-01    -2.5425E+00    +4.0519E-01
    +8.3941E-01    -5.0041E-01    +8.6435E-01    -9.6685E-01    +1.1044E+00    +1.3045E+00
    +6.8456E-01    +4.6073E-01    -8.1372E-01    -8.7390E-01    -8.6113E-01    -6.2355E-01
    +3.6251E-02    +3.5669E-04    -1.8230E+00    +1.3906E-01    -2.4339E-01    -6.9108E-01
    +9.9885E-01    -5.1459E-02    +1.5038E+00    +4.8171E-01    +1.0699E-02    +3.5746E+00
    -2.7136E-01    +5.1336E-01    +1.2022E+00    +2.0906E-04    +1.2621E+00    +3.6145E+00
    +7.6242E-01    +6.0383E-01    +1.0421E+00    -9.3918E-01    +1.2226E+00    -6.5147E-01
    -7.3275E-01    +2.5698E-01    -2.8560E+00    +7.5044E-01    +1.7282E-01    -1.3186E+00
    -2.5657E-01    +1.1871E-01    +3.3871E+00    -1.8478E+00    +4.3895E+00    -2.4432E+00
    +4.5010E-01    +4.3837E-01    +1.4310E+00    -4.4742E+00    +6.5685E-01    +3.1042E-01
    -1.6223E-01    -2.3623E-01    -3.3093E-01    -7.5143E-02    -5.9146E-01    -2.6458E+00
    +4.6951E-01    -4.0179E-01    +1.4958E+00    +1.0111E+00    -4.4223E-01    +1.9305E+00
    -4.0551E-01    +2.6562E-01    -9.1977E-01    -2.8991E+00    -9.9386E-01    -1.2892E+00
    -3.4240E-01    +2.1423E-02    +4.1451E-01    -2.1602E+00    -6.9444E-01    +4.5136E-01
    -9.1275E-02    -9.6312E-02    +4.4006E-01    -5.4148E-01    -2.5348E+00    -9.0534E-01
    -9.7656E-01    -2.2958E-01    -2.4086E-01    +7.3817E-01    +1.5476E+00    -1.1304E-01
    -4.6600E-01    -7.1098E-02    -1.4578E+00    -2.2580E+00    -9.0458E-01    -4.1216E-01
    +3.4892E-01    -1.3045E-01    -3.4477E-01    -2.3572E+00    -2.6055E-02    +9.0035E-01
    +1.8564E-01    +7.4548E-01    -8.1485E-01    -1.8108E-01    +5.4322E-01    -3.1042E-01
    -1.2340E-01    -7.3597E-01    +3.9359E-01    +1.2703E+00    -6.2954E-01    -1.3322E+00
    +8.2913E-02    +3.3680E-01    +1.1175E+00    +8.9958E-01    -2.0632E+00    +1.6269E+00
    +1.0561E+00    +5.9081E-01    -2.8506E+00    -1.2826E+00    -3.6756E-02    +2.8384E-01
    +1.1267E+00    +1.3050E-01    +8.3850E-01    +5.2321E-01    -1.1338E+00    +7.2657E-01
    +8.1719E-01    -4.0355E-01    +2.0584E+00    -3.4077E-01    +1.6674E+00    +8.5687E-01
    +8.5635E-01    +1.7992E-01    +8.7824E-01    +1.1949E+00    +7.9401E-01    +3.7685E+00
    -6.4596E-01    -2.4919E-01    -1.6457E+00    -1.2325E+00    -1.7119E+00    +7.6965E-01
    +7.3670E-01    -2.9985E-01    -1.0141E+00    +1.4147E-01    +1.7986E+00    +1.7153E+00
    +2.9465E-01    -4.8972E-01    +8.1587E-01    -3.0731E+00    +9.9955E-01    +1.5683E-01
    -4.6742E-01    -3.6318E-01    -5.0151E-01    -1.4077E+00    -2.6275E+00    +3.7886E-01
    -3.5466E-02    +1.4384E-01    -8.0705E-01    -7.8203E-02    -7.2487E-01    -1.1395E+00
    -3.6342E-01    +2.8172E-01    +1.0288E+00    -1.8758E+00    +6.5726E-01    +1.1518E+00
    -4.6959E-02    -2.8322E-03    -1.4950E-01    +6.0049E-01    +2.7008E+00    +1.3527E+00
    -1.4924E+00    -3.5479E-01    +9.9107E-01    +1.0018E-01    +8.6303E-01    +2.0146E+00
    -2.5009E-01    -5.7791E-01    -1.6142E+00    +8.8456E-01    -1.1380E+00    -8.7897E-01
    -8.5725E-01    -4.1110E-01    -1.0828E+00    -4.0314E-01    +7.8508E-01    -3.3785E-01
    -8.1030E-01    +1.6910E-01    +3.3837E-02    +4.4320E+00    +6.1911E-01    +1.7068E+00
    -2.0136E-01    +6.0965E-01    -1.7284E+00    +1.3057E-01    +2.9375E-01    -3.2000E-01
    -4.9969E-01    +5.8528E-02    -5.1992E-02    -2.8166E-02    +9.7361E-01    +4.8111E-03
    +9.1859E-01    +2.0975E-02    -3.6446E-01    +1.4367E+00    +2.3360E+00    +1.7223E+00
    +1.1883E+00    -3.0568E-01    -1.2970E+00    +3.6990E-01    +5.5817E-01    +1.7819E+00
    +5.1775E-01    -4.9191E-01    -2.3795E+00    -5.4652E-01    -9.0361E-03    -1.2445E+00
    +4.0448E-01    +1.2161E-01    -2.5380E+00    -5.2664E-02    -4.4203E-01    +6.0603E-01
    -6.3303E-01    -1.9836E-01    -1.6833E+00    -2.7730E+00    -1.0872E+00    -1.5341E-01
    -6.2216E-01    -6.6898E-01    +8.4091E-02    -5.8457E-01    -1.8056E+00    +2.3815E-01
    +5.9612E-01    +3.6667E-01    -6.6022E-01    -1.8290E+00    -7.6137E-01    +8.9292E-01
    -6.2614E-01    -1.0125E-01    -2.4694E+00    -1.9811E-01    -6.5372E-01    -2.6053E+00
    +1.9624E-01    -5.0722E-02    +2.4339E-01    -1.5085E+00    -1.5888E+00    +9.1145E-01
    +2.5577E-01    +7.2061E-01    +2.3361E+00    +5.6905E-02    +1.0068E+00    -1.0359E+00
    -1.7248E-01    +2.0078E-01    -4.7477E-01    -2.5314E+00    +1.7117E+00    +5.2688E-01
    -3.2732E-01    -4.7786E-01    +3.5981E-01    +3.0260E-01    -3.6387E-01    -1.1416E+00
    +2.5725E-01    +5.9024E-01    -7.5770E-01    -6.8977E-01    -2.1730E-01    +7.1273E-01
    +2.4591E-01    +8.6515E-02    +2.2210E+00    +2.0792E-01    +1.7366E+00    -7.9061E-01
    -5.9112E-02    +1.5397E-02    -1.1464E+00    +1.6447E+00    -6.0093E-01    +4.1689E+00
    -9.0166E-01    -4.3789E-03    +6.3151E-01    -3.3483E-01    +2.6778E-01    +3.5585E+00
    -3.4718E-01    +5.8488E-01    -3.8260E-01    +3.4113E-01    +8.3726E-01    -1.6102E+00
    -1.4680E-01    +2.7841E-02    +1.5729E+00    -9.9970E-01    +2.6242E-01    +1.8920E+00
    -9.3274E-01    -5.6553E-01    -7.3909E-02    +3.5230E+00    +4.5215E-01    +1.1550E+00
    +1.4501E-01    +5.5594E-02    -6.9515E-01    +1.3871E+00    -2.8238E-01    -1.5393E+00
    -8.6665E-01    -6.1808E-01    +2.8176E+00    -1.1353E+00    +2.9026E-01    +2.9875E-01
    -6.2028E-01    +6.5667E-02    +3.8143E+00    -7.9489E-03    -2.6919E+00    +8.6818E-01
    +3.1719E-01    -2.4356E-01    -2.2495E+00    +1.5256E+00    +5.9733E-01    -4.6269E-01
    +3.0300E-01    -4.7333E-02    -1.0951E+00    +1.0743E+00    -3.2110E-01    -5.0302E+00
    -1.1938E-01    -1.4539E-01    +1.5693E+00    +1.4200E+00    +1.1793E+00    +6.8846E-01
    +5.4499E-02    +1.2063E-01    -1.5386E+00    -2.0905E-01    +3.5526E-03    -1.6179E+00
    -5.0458E-01    -2.0137E-01    +2.4511E+00    +1.0981E+00    -2.2914E-01    +6.3131E-01
    +5.4531E-01    -5.4466E-01    -1.2459E+00    +3.8655E+00    -1.5435E+00    +3.6288E+00
    -7.5060E-01    -3.9282E-01    +5.5459E-01    -2.7616E-01    +8.6815E-01    -3.3826E+00
    +6.6595E-01    +7.2622E-01    +1.0856E+00    +1.7143E-01    -2.2344E+00    -1.2053E+00
    -1.9116E-02    -8.8814E-02    -3.9441E-01    -7.9301E-01    +1.0295E+00    -4.4199E-01
    -4.9653E-01    -3.6859E-01    -9.3475E-01    -2.6344E-01    +5.3229E-01    +7.9340E-01
    -1.2064E+00    +4.6518E-01    +8.7115E-01    -2.1689E-01    +7.1428E-01    -2.2987E-02
    +2.7078E-01    +7.5550E-01    +1.7515E+00    +2.5640E+00    +3.2580E+00    -1.5883E+00
    -4.1880E-01    -1.4235E-01    +2.1811E+00    -1.7062E+00    +3.1688E-01    +1.4358E+00
    +3.4220E-01    -3.2751E-01    -1.1486E-02    +2.0076E+00    -1.4246E+00    -1.0723E+00
    -8.6568E-02    +3.0924E-01    +9.7347E-01    +3.7053E-01    -2.0829E+00    +2.7520E+00
    -1.3325E+00    -2.8731E-02    +1.8582E-01    +4.6243E-01    +4.2797E-01    -6.3858E+00
    +3.2070E-01    -4.3908E-01    -1.5081E+00    -1.0707E+00    -4.8264E-01    -7.6463E-01
    +5.8552E-01    +3.1416E-02    -5.7915E-01    -2.6971E+00    +1.8509E-01    -9.7573E-01
    -1.0356E-01    -1.4552E-01    -4.1337E-01    -7.9535E-01    -6.6145E-02    -4.0361E-01
    +3.1495E-01    -8.1248E-01    +1.3178E+00    -1.5342E+00    -1.3705E+00    +1.4906E+00
    +5.6448E-01    -7.3434E-01    -8.3814E-01    +6.0838E-01    +1.4986E+00    -9.7993E-01
    +1.7917E-01    +6.4133E-01    +3.1361E+00    +2.1049E+00    +2.1015E+00    +3.1356E+00
    -5.2807E-01    -2.5059E-01    -1.5488E+00    +2.9329E-01    +8.6907E-01    +4.6930E-01
    +7.4498E-01    -3.9420E-02    -1.3111E-01    +1.7682E-01    -4.9611E-01    -1.5787E+00
    -7.9603E-02    -4.7031E-01    -1.2458E+00    +3.5858E-01    +1.5096E+00    -1.0635E-01
    -1.7882E-01    +4.2633E-01    +7.6789E-01    -8.5061E-01    +1.6446E+00    +1.3373E+00
    +2.1856E-01    -2.6113E-01    -3.0612E+00    -5.2956E-01    +4.3893E+00    +1.8139E+00
    -5.9196E-01    +2.5903E-01    -1.2564E+00    +6.1067E-01    -8.0215E-01    +6.2098E-01
    -6.3909E-01    -6.3374E-01    +5.1674E-01    +1.1646E+00    -2.6588E+00    -4.9384E-01
    +9.8177E-01    -8.5576E-02    +3.6531E+00    -9.8755E-01    -1.9387E+00    -1.4214E+00
    -9.8218E-02    -7.5529E-02    +3.5166E+00    -9.4341E-01    +4.8019E-01    -6.6229E-01
    -1.1413E+00    +2.5336E-01    +8.3343E-01    +8.9441E-01    -1.3005E-01    -2.3413E+00
    -2.3305E-01    +2.4538E-01    -1.5616E+00    -5.4788E-01    +1.2883E+00    +1.2405E+00
    +5.1556E-01    +2.5934E-01    -1.1182E+00    -2.5718E+00    -9.5788E-01    -1.5248E+00
    +1.2458E-01    -3.9694E-02    +6.7767E-01    -2.0594E+00    -1.3312E-02    +2.8323E+00
    -4.0217E-01    -9.3975E-01    +1.7338E+00    -2.0032E-01    -5.0888E-01    -7.4988E-01
    -7.2251E-01    +2.2465E-02    +2.3216E+00    +4.7132E-01    +4.0675E-01    -7.5729E+00
    -7.5061E-01    -7.8632E-01    -1.1339E-01    +1.7434E+00    +1.0274E+00    +3.0091E+00
    -1.1672E-01    +1.1613E-01    -1.4333E-01    +6.7200E-01    +1.3282E+00    +6.7986E-02
    +1.2117E+00    -7.6902E-01    +2.4377E+00    -8.8026E-01    +2.8077E+00    +3.4174E+00
    -3.7349E-01    -3.1446E-01    -2.3150E+00    +1.5391E+00    -1.3891E+00    +6.9977E-01
    +1.6522E+01    -5.5810E+01    +1.2315E+01    -1.1166E+01    +5.2747E+01    -5.6892E+01
    +2.9613E-01    -6.6390E-01    -8.8802E-01    -2.4016E-01    -5.7842E-01    +2.0479E-01
    +2.3009E-01    +2.4342E-01    +1.4167E+00    -4.5711E-01    +1.3099E+00    -4.5675E-01
    +1.5403E-03    -5.4787E-01    +1.5221E+00    -5.0811E-01    -1.4752E+00    +7.6432E-01
    -9.4853E-01    +7.5930E-01    +2.7897E+00    -1.9705E+00    -1.7534E+00    -9.7763E-01
    -2.6039E-01    +2.1295E-01    -1.3596E+00    -3.3078E-01    +1.6042E+00    -5.2413E-01
    -2.6185E-01    -2.5760E-01    -1.1429E+00    -1.6104E+00    +1.6410E+00    -4.0752E-01
    +5.4091E-01    -5.5307E-01    +1.3600E-01    +1.2292E+00    -1.3488E+00    +1.0219E-01
    +4.0376E-01    +4.7548E-02    -4.1148E-01    +1.8019E-02    -1.2761E+00    -1.3406E+00
    +7.4479E-01    -6.5071E-01    -1.7719E+00    +1.6112E+00    -9.5353E-01    -1.1225E-01
    +3.3449E-01    +7.5228E-02    -1.1384E+00    +1.6551E+00    -1.1337E+00    +1.6313E+00
    +6.3658E-01    -2.0172E-02    -2.7199E+00    -2.8000E-01    +1.3958E+00    +2.5910E+00
    +7.3796E-03    -3.3134E-02    +3.3988E+00    +1.3012E+00    -1.3660E+00    -7.6699E-01
    -8.2404E-01    +2.7643E-01    +2.6246E+00    +7.8120E-01    -6.3462E-01    +2.7647E-01
    -7.0915E-01    -2.7056E-01    -9.2825E-01    -1.4772E+00    -5.1013E-01    +4.2427E-02
    +8.8057E-01    +2.8302E-01    -5.5568E-01    +1.4961E-01    -2.2563E-01    +1.0213E+00
    -1.7271E-01    -4.9604E-02    +1.8506E+00    +1.0218E+00    +1.7678E+00    -9.1039E-01
    +3.6431E-01    +2.9493E-01    -1.8175E+00    -9.2884E-01    +4.1784E-01    -4.3555E+00
    +4.0193E-03    +9.4036E-02    +6.5857E-01    -2.8954E+00    -1.1491E+00    -1.8577E-01
    -3.2784E-01    +5.5368E-01    -9.6034E-01    -1.0012E+00    -1.6176E+00    +1.2072E+00
    +8.3727E-01    -3.6666E-01    +4.2828E+00    +1.4343E+00    -1.7538E+00    -7.4063E-01
    -5.6851E-01    -6.0213E-01    -1.4038E-01    +1.9102E+00    +1.3296E+00    -1.1401E-01
    +2.4370E-01    +4.2786E-01    +8.1444E-01    +8.9079E-01    -1.2095E+00    -7.9757E-01
    +3.4159E-01    -4.4882E-01    +1.3004E-01    -2.5504E+00    -1.2136E+00    +9.2211E-01
    +2.7985E-01    -3.3723E-01    +3.7985E+00    +1.0971E+00    +2.4341E-01    -8.7885E-01
    -7.1652E-01    +3.1327E-01    -4.7944E-01    +1.1405E-01    +1.8386E+00    -3.0017E-01
    -1.2630E-01    +6.8018E-01    -3.4908E-01    +1.2858E+00    +1.2270E+00    -2.1075E-01
    -6.3625E-01    +2.8713E-01    +1.7277E+00    +9.9785E-01    -6.4680E-01    +5.5778E-01
    -9.4863E-01    +2.9828E-01    -9.2925E-01    +6.2960E-01    -1.0036E+00    -2.2895E+00
    -5.6497E-01    +3.5280E-02    -8.9244E-01    +2.0361E+00    +2.1196E-01    -2.1838E+00
    -5.7909E-02    +1.2934E-01    +1.6785E+00    +1.1025E+00    -1.5172E+00    -2.4785E+00
    +1.0762E+00    -3.4166E-01    -1.6714E+00    +9.3168E-01    -5.8768E-01    +3.3223E+00
    -5.0333E-01    +5.0010E-01    +4.2016E-01    +8.4977E-01    -9.2298E-02    -1.8351E-01
    -5.0438E-01    -3.0670E-01    -8.9426E-01    +1.6881E+00    +1.9696E+00    +2.0322E-01
    +8.7520E-01    -2.4877E-01    +2.0751E+00    -9.2996E-01    -6.1292E-01    -3.1782E-01
    +1.1771E+00    -8.0590E-02    +2.9630E-01    -1.4601E+00    +8.5537E-01    +8.0136E-02
    +3.9381E-01    +3.9738E-01    +1.0818E+00    +1.9232E+00    -3.7633E+00    +2.6807E-03
    +1.1711E+00    -3.1864E-02    -9.1795E-01    +2.1025E-01    +1.2736E+00    -5.3788E-01
    +3.0348E-01    +4.8696E-01    +2.2037E+00    +3.1673E-01    -2.0687E+00    -1.8401E+00
    -6.5760E-01    -2.1961E-01    +8.4667E-01    +6.5324E-01    -5.9718E-01    +2.2828E-02
    +1.1002E+00    +1.7765E-01    +1.2960E+00    -2.3413E+00    +1.2436E+00    -2.8579E-01
    +5.9994E-01    +1.1327E-01    -1.7120E+00    +2.1395E+00    -3.8371E-01    -6.0590E-01
    -1.7711E-01    -6.9628E-01    +5.4311E-01    -4.2835E+00    -1.5077E+00    -9.3264E-01
    -2.8761E-01    -8.0714E-01    +3.2550E-01    +1.1127E+00    +7.5107E-01    -2.0387E-02
    +3.5344E-01    +4.7433E-01    +1.1863E+00    +1.5987E-01    -1.0338E+00    +4.9314E+00
    +1.9949E-01    +2.0553E-01    -1.5750E+00    +1.6852E+00    -8.7256E-01    -6.9893E-01
    +1.2624E+00    +4.4861E-02    -2.9212E-01    -9.4138E-01    -1.4599E+00    -1.4141E+00
    +7.3261E-01    +1.1215E-01    +6.6544E-01    -8.9685E-01    +1.2711E+00    -1.4076E+00
    +4.4482E-01    -4.3775E-01    +9.8145E-01    +4.0265E-02    -2.5658E+00    -5.5790E-01
    +4.2952E-01    -3.2217E-01    +1.4870E+00    +1.1576E+00    +1.7138E+00    -7.7033E-02
    +1.9471E-01    -1.7758E-01    -2.4528E+00    +2.0544E-01    -1.0949E-01    +5.0735E-01
    +3.1835E-01    -3.6781E-04    +3.0953E-01    +7.9543E-01    -1.4355E+00    -5.1292E-01
    +4.8514E-01    +2.6988E-01    +3.3642E-01    -2.9452E-01    +2.0614E+00    -4.5733E+00
    +1.0019E+00    -3.9543E-02    -7.1886E-01    +2.3924E+00    +9.9129E-01    -5.4620E-01
    -6.0398E-01    +2.3151E-01    -1.2460E-01    +1.1926E+00    +2.2411E+00    -3.7190E-01
    +3.3446E-01    +7.8650E-02    +1.5660E-01    -8.1429E-01    -1.3075E+00    +4.0896E-01
    +1.1225E-01    +4.5910E-01    +2.5488E+00    +6.2267E-01    +6.0632E-01    -1.0964E+00
    +3.6097E-01    +3.1106E-02    +9.7200E-01    +4.0782E-01    +1.7325E+00    +2.6237E-02
    -1.0536E+00    -3.4338E-01    +9.5317E-01    +1.2797E+00    -1.3950E-01    +3.1980E-01
    -7.5693E-01    -2.3728E-01    +3.7675E-02    -1.4968E+00    -1.4310E+00    +1.4783E-01
    -3.8360E-01    -9.4344E-01    +7.7096E-01    -1.4843E+00    +1.4707E+00    +7.9743E-01
    +1.7773E-01    -2.3997E-01    -6.7516E-02    -9.6404E-01    -8.3580E-01    +2.6153E+00
    -8.0730E-01    +1.3740E-01    +1.2315E+00    -1.0397E+00    +2.3700E+00    +1.9301E-01
    +6.6663E-01    +4.1228E-01    -3.6332E-01    +1.1878E+00    -1.4249E+00    +1.1504E+00
    -8.6197E-02    -6.1181E-02    +2.0036E-01    -2.1481E+00    +5.3243E-01    +1.1428E+00
    -9.2889E-01    -2.1753E-01    +1.1450E+00    +5.7680E-01    -2.6351E+00    -4.1114E-02
    +1.9667E-01    +1.9628E-01    -7.2403E-01    +1.7414E-01    +6.7362E-01    +2.3335E+00
    +3.8418E-01    +4.3544E-01    +1.4020E+00    -3.9353E-01    +2.1364E-01    +1.8544E+00
    -5.7207E-01    -8.8065E-01    +3.1712E-01    -2.7439E+00    +8.2228E-01    +8.5111E-01
    +2.8261E-01    +5.7209E-02    -2.9183E-01    +7.0976E-01    -7.2188E-01    -4.9708E-02
    +7.1000E-02    -4.5424E-01    +1.1074E+00    -7.8640E-01    +3.0831E+00    -4.3110E+00
    -2.7719E-01    -6.4834E-01    -5.6595E-01    -7.0928E-01    +3.5820E+00    -6.4414E-02
    -6.2120E-01    -3.9166E-01    -3.8377E-01    -6.8893E-01    -3.0576E+00    -3.1223E-01
    +4.5775E-02    -6.2419E-01    +3.9435E+00    +7.8054E-01    +1.1639E-01    -1.5829E-01
    +2.6095E-01    -4.9583E-01    +1.9683E+00    -2.1778E+00    +3.7994E+00    -3.8223E+00
    +7.3887E-01    -6.5437E-01    +7.7166E-02    +3.1749E-01    -1.4316E-01    +1.4955E+00
    -1.5838E-01    +8.5855E-03    +3.0467E-01    -4.2089E+00    -3.3912E-02    +1.0290E-01
    -4.9294E-01    -7.6364E-01    -7.4129E-01    +3.7153E+00    -1.5857E-02    +1.6523E+00
    +5.1134E-01    +5.5994E-01    +1.2378E-01    +2.7495E-01    -9.3171E-01    +1.2379E+00
    -1.2208E-01    -2.0194E-03    -7.7408E-02    -1.0863E+00    -1.7227E+00    -2.5988E-01
    +1.3068E+00    +2.0907E-01    +3.1019E-01    -2.4816E+00    +9.9075E-01    -6.9819E-01
    +5.3319E-01    -1.0914E-01    -9.7323E-01    +1.1049E+00    -1.0445E+00    -9.3113E-01
    +1.4151E-01    -2.8749E-02    +1.7947E+00    +2.3474E+00    -9.4254E-01    -1.8965E+00
    +3.3711E-01    +6.1017E-01    +5.6152E-01    -2.1625E+00    -1.9214E+00    +1.4024E+00
    +4.2610E-01    +7.1056E-01    +5.3970E-01    +7.8619E-01    +8.0892E-01    +3.3151E-01
    +1.0881E+00    -3.2105E-01    +9.6587E-01    -4.0832E-01    +7.1314E-01    +1.7902E+00
    -1.5241E-01    -6.3691E-01    +7.3888E-03    +2.4903E+00    -1.5092E+00    +3.1403E-01
    -1.0459E+00    -2.7276E-01    +6.6409E-02    +1.7165E+00    +2.5106E-01    -9.7733E-01
    +1.3723E+00    +8.0335E-01    +1.1854E-01    +9.2835E-01    +1.2495E+00    -3.5060E-02
    +2.8855E-01    -6.1193E-03    +1.5274E+00    +1.4547E+00    +9.9357E-01    -1.6939E-01
    -1.3713E+00    -5.5192E-02    -2.3454E+00    -1.9820E+00    -6.0717E-01    -2.4858E+00
    +4.8176E-01    -3.2923E-01    -9.4087E-01    +5.2592E-01    -3.8339E+00    +2.1198E+00
    +3.1277E-01    -1.4894E-01    -1.8449E+00    +1.1912E+00    +2.6759E+00    -1.2631E-01
    -1.8922E-01    -6.4426E-01    +2.0156E+00    +7.9365E-01    -2.8491E+00    -7.0560E-01
    -2.9901E-01    +5.5725E-02    -1.4513E+00    +1.6561E-01    -1.6690E+00    +7.5991E-01
    -5.2430E-01    -4.9019E-01    -1.3586E+00    +9.7656E-01    -8.4468E-02    +2.0168E+00
    -1.2054E+00    -1.5874E-01    +1.4306E-01    +1.0395E+00    -1.5184E+00    -6.0946E-01
    -3.6623E-02    -3.1696E-01    -3.3850E+00    -2.5117E+00    +1.5469E-01    -1.3722E-01
    -5.0343E-03    +1.5817E-02    -6.0093E-01    +3.2310E-01    -3.1481E+00    -2.0983E+00
    -7.4941E-01    -2.0978E-01    -3.2992E-01    -1.5077E+00    +8.3778E-01    +4.2612E+00
    +5.7031E-02    -7.4186E-01    -1.4254E+00    +1.5837E+00    -6.6300E-02    -1.9882E+00
    -2.1211E-01    -6.3756E-01    +5.8145E-01    -1.5887E+00    -1.4458E+00    +3.7880E+00
    -1.9387E-01    +5.4193E-01    -1.7345E-01    -1.5321E+00    +9.8042E-01    -1.5074E-01
    -1.0128E+00    +1.1023E-01    +8.7262E-01    -1.4553E+00    -1.4596E+00    +6.3705E-01
    +1.1240E-01    +7.4723E-01    +2.0122E+00    -3.5063E-01    -1.2690E-02    +5.0615E-01
    +3.4979E-01    -5.0426E-01    +1.0259E-01    +3.4053E-01    -1.3802E-01    +1.0049E-01
    -6.7955E-01    +2.3795E-02    -7.2434E-01    +2.9533E-01    +8.8461E-01    +6.7808E-01
    +2.3287E-01    +5.1963E-02    -8.3939E-01    +3.2175E+00    +1.7041E+00    -9.0576E-01
    -1.1748E-01    +2.2141E-01    -5.0442E-01    -9.2686E-01    -7.1180E-01    +3.2833E-01
    +9.3187E-01    +1.4778E-01    +6.3170E-01    -1.9762E-01    +2.2759E+00    +2.2090E+00
    +1.2068E+00    +2.9013E-01    +1.0454E+00    +6.2423E-01    -7.1207E-01    +9.9432E-01
    +5.8398E-01    +2.6157E-01    -5.1614E-01    +3.6975E-01    -1.5258E+00    +4.1295E-01
    -2.3933E-01    -6.8135E-01    +2.2725E+00    +1.0757E+00    -1.2855E+00    -1.2693E+00
    -3.1542E-01    +8.7606E-01    -3.9215E-01    -1.6684E+00    +2.7665E+00    +2.2642E-01
    +2.3567E-01    -7.7085E-01    +9.6416E-01    -6.3215E-02    -9.7300E-01    -1.2175E+00
    -2.3190E-01    -1.7480E-01    -1.6203E+00    +6.7299E-01    +5.5517E-01    -4.1012E-01
    -4.0772E-01    +2.3632E-01    -1.6609E+00    -2.0311E+00    +1.5342E+00    +9.5060E-01
    +2.3044E-01    +9.4669E-01    +1.0743E-01    -1.3419E+00    +5.6656E-01    -8.1792E-01
    +1.1938E-01    +1.3076E-01    -3.5557E+00    -2.9516E+00    -1.0781E+00    +3.2218E+00
    +7.1901E-01    +4.6028E-01    -6.3336E-01    -1.6415E-01    +6.2533E-01    +1.1124E+00
    +1.0463E-01    +4.4219E-01    +1.6564E+00    -2.8782E+00    +1.7667E-01    -1.2772E+00
    -4.4878E-01    +1.2035E-01    -1.5692E+00    +7.5296E-01    +1.1971E+00    -2.5506E+00
    -4.1158E-01    +3.4178E-01    +7.1807E-01    -1.4037E+00    +1.0220E+00    +1.7331E+00
    -3.0234E-01    +5.4672E-01    -1.3904E+00    -1.0455E+00    +2.5430E+00    -2.8069E-01
    -2.6341E-01    +7.2358E-01    +1.1608E+00    -2.2419E-01    -1.6393E+00    -2.9616E-01
    +1.5091E-01    -2.8764E-01    +4.4074E-01    -2.4685E+00    -1.9472E-01    -1.3492E+00
    -2.9461E-01    +2.5657E-01    -1.9120E+00    -1.7920E+00    -1.1483E+00    -2.8031E+00
    -9.1378E-01    -6.8839E-01    +3.1967E-01    -3.1231E+00    +1.8248E+00    -5.8178E-01
    -6.9751E-01    +3.4949E-01    +1.7504E-02    +1.4186E+00    -4.2353E+00    +2.8043E+00
    -4.5873E-01    -4.8415E-01    +1.0901E+00    +3.2916E-01    +8.8614E-01    -1.6939E-01
    -7.9091E-01    +2.1573E-01    +8.4553E-01    -6.5416E-01    +1.8124E+00    +1.8346E+00
    -8.9836E-01    -1.5895E-01    +2.4676E+00    -5.3993E-01    +1.0577E+00    +1.3579E+00
    -4.2766E-01    +7.4047E-01    +1.6279E+00    -2.5296E-01    -5.3199E-01    -2.0976E-01
    +4.7845E-02    +1.5872E-01    +3.0849E+00    +1.8533E+00    -2.2397E-01    +7.4644E-01
    -4.8845E-01    +3.9884E-01    +3.7042E+00    -6.4780E-01    +5.4824E-02    -1.8114E+00
    -1.0043E+00    +1.9856E-01    -2.1732E+00    +6.2517E-01    -4.8285E-01    -2.1374E-01
    +9.8642E-01    -3.8818E-02    -1.8633E+00    +5.9048E-01    -7.9297E-01    -2.4806E-01
    +1.2739E-01    +3.4112E-02    -3.0073E-01    -2.2454E+00    -5.2973E-01    -1.2826E+00
    +8.1330E-01    +8.1978E-01    +1.9678E+00    +3.0342E-02    -2.2256E-01    -1.1045E+00
    -5.6279E-01    -3.1384E-01    -6.6020E-01    +1.2844E+00    -1.9776E+00    +1.6916E-02
    -4.1293E-01    +5.9599E-01    +2.2092E+00    -2.0442E+00    +2.7445E+00    +3.6012E-01
    -8.4955E-01    +5.4752E-01    -4.2989E-01    +7.0198E-01    +1.8409E-01    +1.4448E+00
    +3.5837E-01    -8.7414E-01    +1.6028E+00    -4.1698E+00    -2.1671E+00    -7.9530E-03
    +6.1322E-01    -3.3164E-01    +1.4268E-01    -1.6759E+00    +2.1147E-01    +2.8432E-01
    -4.5908E-01    -1.6247E-01    -1.1000E+00    -1.8313E+00    +3.8171E+00    -8.1844E-02
    +2.5500E-01    -7.0980E-02    -8.8458E-01    -1.3812E-01    +2.7492E-01    +5.2704E-01
    +4.2696E-01    -3.6218E-02    +2.1091E+00    +1.4661E+00    -2.1286E-01    -1.4134E+00
    -3.9831E-01    +3.0607E-01    +4.6243E-01    -5.3460E-01    -3.0690E+00    -8.0996E-01
    +6.1327E-01    -1.6819E-01    -1.7866E-02    -1.7148E+00    +9.9974E-01    +8.6564E-02
    -4.4983E-01    +3.3930E-01    -2.2586E+00    +9.2763E-01    +1.2670E+00    -6.2194E-01
    +8.6099E-01    -5.2411E-01    +2.3894E+00    +4.0348E-02    +1.2400E+00    +8.8914E-01
    -6.3375E-02    -7.0181E-01    +2.2936E+00    -1.0612E+00    +2.1776E+00    +2.1021E+00
    -1.3411E+00    +1.7599E-01    -1.5634E+00    +2.1707E+00    -1.6450E+00    -1.7096E+00
    +2.0349E-02    +2.9508E-01    +6.2133E-01    +3.0272E+00    -3.9540E-01    -2.8511E-01
    -1.4281E-02    -2.2948E-02    +1.1130E+00    -1.3296E+00    -1.1431E+00    +5.6762E-01
    -3.6492E-01    +7.9740E-01    -2.2068E-01    -5.1501E-01    -1.3608E+00    +2.6704E+00
    +4.3853E-01    -2.0296E-02    +5.1168E+00    +2.4595E-01    -9.8487E-01    +4.6884E-01
    -8.3436E-01    -8.9133E-02    +2.3797E+00    +2.7417E+00    -1.6857E+00    +2.5280E-01
    -8.4520E-02    -4.3135E-01    +1.9740E-01    -8.8554E-01    -3.4354E-01    -3.3741E-01
    -2.6177E-01    +2.8491E-02    +3.3730E-01    +4.4170E-01    +4.5796E+00    -5.1834E-02
    -3.1393E-01    +1.9889E-01    +1.4849E+00    -1.0466E+00    +7.7152E-01    +6.1646E-01
    +1.0817E-01    -5.8767E-01    -1.4531E+00    -4.3045E-01    -4.1972E-01    +5.7575E-04
    -3.6108E-01    +2.5184E-01    -1.5036E+00    +2.1498E+00    -1.7349E+00    -5.2852E-01
    +3.0543E-01    -3.3840E-01    +2.0821E+00    -1.5615E+00    +2.3502E-01    -1.3784E+00
    -2.1927E-01    +5.7605E-01    -1.2528E+00    -1.8141E+00    -1.4768E+00    -5.6876E-01
    +4.9710E-01    -9.5559E-03    -4.0433E-02    +1.2399E-01    +2.2024E+00    +2.2091E+00
    +3.9926E-01    +7.9068E-01    +3.4028E+00    -2.8546E+00    -1.3903E+00    +2.1448E+00
    +5.5914E-01    -6.0929E-03    +1.8318E+00    -8.9636E-01    -2.5610E+00    -5.0401E-01
    -3.1321E-01    +5.0665E-01    -7.8730E-02    -7.4912E-01    -1.4641E-01    -1.8073E+00
    +9.0798E-02    +4.5292E-01    -4.8771E+00    -8.2942E-01    -2.8765E-01    +1.1970E+00
    -1.0246E+00    +2.6766E-01    -9.4616E-01    +7.3085E-01    +5.4520E-01    +1.9575E+00
    +3.2927E-01    -3.0735E-01    +3.1531E-01    -2.7932E+00    -3.3956E-01    -1.7072E+00
    +7.9580E-02    -5.5581E-01    +1.0051E+00    -6.3193E-01    +3.3935E-02    -2.5493E+00
    +2.4590E-01    +9.7732E-02    +3.6279E-02    +1.0201E+00    +1.7394E+00    +1.5610E+00
    -1.0087E-01    -3.1423E-01    +1.1736E+00    -2.0208E+00    -7.1238E-02    +4.3595E-01
    -1.9373E-01    +2.4769E-01    -1.8229E+00    +6.7089E-01    +2.9710E+00    +6.2051E-01
    -9.8686E-03    +2.4234E-02    +3.4509E+00    +3.9870E-01    +4.4518E+00    +1.3639E+00
    -7.8412E-01    +4.3927E-01    +2.2164E+00    -2.0600E+00    +8.1712E-02    -1.1952E-01
    +3.1978E-01    +7.0235E-02    +7.0921E-01    -1.4791E+00    +5.1774E-01    +3.0483E-01
    +1.8950E-01    +8.1924E-01    -1.6139E+00    +7.1800E-01    +1.0069E+00    +8.3316E-01
    +9.6616E-01    -4.7149E-01    -2.3395E+00    -2.3607E-01    -1.2464E+00    +1.3421E+00
    +1.5051E-02    +3.0712E-01    -2.1609E+00    -1.1171E-01    -6.6095E-01    +5.2342E-01
    -1.5273E-01    +7.2701E-01    -1.1829E+00    +1.3599E+00    +6.1106E-01    +1.3057E+00
    -1.0324E-01    -1.9456E-01    -2.3667E+00    -3.1898E+00    -7.0486E-01    +1.0258E+00
    -5.5265E-01    +4.0097E-01    -2.7847E-01    +3.0901E+00    +3.2223E-01    -3.3126E-01
    -6.9136E-02    -5.6561E-01    -1.7097E-01    -7.3679E-01    +4.8620E+00    +4.5884E-01
    -4.6179E-01    +1.5923E-01    +1.5593E+00    -1.6654E+00    -1.9020E+00    -2.4351E-01
    -8.2170E-03    +8.1078E-01    +1.0100E+00    -1.9782E-01    -2.4601E-01    -1.5064E-01
    +5.3665E-01    -2.8098E-01    -8.0471E-01    +3.8881E-01    +3.2101E-02    -4.5041E-01
    -4.5575E-01    -1.2453E-02    +9.5467E-02    -4.3317E-01    +2.3840E+00    -8.5145E-01
    +9.7923E-01    +1.1728E-01    +2.7282E+00    -5.7481E-01    -1.3757E+00    +2.4958E+00
    +6.9705E-01    +1.6056E-02    -5.7740E-01    +1.5918E-01    -1.2387E+00    +8.0569E-01
    -1.7560E-01    -3.1003E-01    -6.9439E-01    +1.5366E+00    +3.3852E+00    +1.1992E+00
    +1.0204E-01    +1.8594E-01    +2.1075E+00    -3.5910E-01    +9.0623E-01    -4.1798E-01
    +1.1788E-01    -1.0921E-01    +2.3091E-01    +2.2554E+00    +4.6328E-01    +1.5368E+00
    -2.0170E-01    -3.4912E-02    +2.6146E+00    +6.7999E-01    +1.1437E+00    -2.5249E-01
    -1.4931E-02    -2.3631E-01    -1.6214E+00    -1.5311E+00    +8.8773E-01    +4.9810E-01
    -1.7940E-01    +5.9215E-02    -1.0632E+00    -1.0697E+00    +1.3618E-02    -6.0645E-01
    -5.8057E-01    -1.8806E-01    -3.5592E+00    -5.9048E-01    -3.8985E+00    -1.4572E+00
    -2.1423E-01    +3.0372E-02    -6.5803E-01    +4.4259E-01    +8.7070E-01    +2.7179E-01
    -8.5324E-01    -4.0499E-01    +3.3091E-02    +1.6124E+00    -2.1615E+00    +4.3986E-01
    -1.3233E+00    -1.9013E-01    -5.6874E-01    +3.4633E+00    +1.5781E-01    +1.6276E+00
    -8.6297E-01    +3.0994E-01    +2.4392E+00    -7.4440E-01    -3.9071E-01    +1.9695E+00
    +9.0817E-01    -6.7529E-01    +2.0247E+00    -1.0003E-01    +7.5376E-01    +2.2591E-01
    +5.1994E-01    -6.8360E-01    +2.9129E+00    +5.8228E-01    +1.0342E+00    -3.0261E+00
    -2.2439E-01    -2.9477E-01    -2.4431E+00    +1.5712E-01    -5.0595E-01    -1.5512E+00
    -6.9319E-02    +3.6166E-01    +1.9520E+00    -6.7565E-01    -7.0473E-02    +2.0753E+00
    +8.0514E-01    +1.7305E-01    +7.7626E-02    -1.3191E+00    -5.2416E-01    -1.1590E-01
    +7.2635E-01    -5.8568E-01    +9.0807E-02    +9.1264E-01    -1.2175E+00    +2.7731E+00
    -1.0971E+00    +3.1429E-01    -1.0364E+00    -1.8380E+00    -3.1210E+00    -7.4362E-01
    +6.0267E-01    +1.3892E-01    -2.5890E+00    +2.5427E+00    -1.9131E+00    -1.6927E+00
    -6.2538E-01    +7.1660E-01    -1.5634E+00    +2.8166E+00    +1.5057E-01    -5.3135E-01
    -2.6378E-01    +5.1708E-01    -4.6608E+00    +1.1353E+00    -4.9800E-01    +2.2069E-01
    -2.1335E-02    -2.6479E-01    -2.2164E+00    -3.5648E-02    -3.6571E+00    -4.0221E+00
    +1.4503E-01    +1.5980E-01    -1.3239E+00    +9.8355E-01    -9.2750E-01    -5.3642E-01
    -4.1458E-01    +2.9622E-01    -9.0223E-02    -6.8480E-01    -1.4496E+00    -1.6430E-01
    +2.9944E-01    +6.1977E-01    -2.4955E+00    +6.8776E-01    +2.5315E-01    +1.3595E-01
    -2.3493E-01    -2.6067E-01    +3.7119E+00    +4.9399E-01    +1.8549E+00    +4.6709E+00
    +6.9714E-01    -4.8601E-01    -1.1812E+00    -9.7149E-01    -8.6477E-01    +5.5898E-01
    +1.7706E-01    +2.6194E-01    +1.5718E+00    -8.7678E-01    +1.2548E+00    +2.5633E+00
    -2.0941E-01    -7.4870E-01    -1.3812E+00    -6.9625E-01    -7.2547E-01    -3.3466E+00
    +8.9244E-01    +3.9369E-01    -1.0150E-01    -3.0448E-01    +2.5732E-01    +1.0357E+00
    -3.5408E-02    -2.6165E-01    +6.1590E-01    +2.0326E-01    +5.3789E-01    -2.5180E+00
    -3.1833E-01    +4.8178E-01    +2.3159E+00    -3.0979E+00    +4.8211E-01    -9.7373E-01
    +9.9533E-01    -3.6953E-01    +7.0258E-01    +5.1466E-01    +1.3313E+00    -6.4714E-01
    -2.6987E-01    +3.3043E-03    -1.0546E+00    -1.5444E+00    -2.5667E+00    +6.4896E-03
    -9.8541E-01    -2.3803E-01    +2.3683E+00    -1.8423E-01    -8.5789E-01    +3.1442E-01
    +6.8686E-01    -4.3707E-01    -4.2642E+00    -3.9655E-01    +1.4622E+00    -1.9042E+00
    -3.0027E-01    -3.8215E-01    -3.0654E+00    -8.8275E-01    -3.3539E+00    +7.8111E-01
    -8.2117E-01    -1.3924E-02    -1.4854E+00    -4.9240E-01    -6.8569E-01    +1.4296E+00
    +5.9537E-01    -1.0988E-01    -7.1230E-01    -2.1842E+00    -3.8201E+00    +7.8001E-01
    -1.7336E-01    -1.9479E-01    -2.3589E+00    -2.0515E+00    +2.6270E-01    -7.0718E-01
    +3.4913E-01    +5.7204E-01    +6.3973E-01    +4.6413E-01    +2.9789E-01    -1.8144E-01
    +6.5952E-01    +2.4915E-02    -1.6928E+00    +5.1772E-01    +1.0812E+00    +1.9066E+00
    +1.5738E-01    -9.4924E-02    +1.3303E+00    -9.2054E-01    -3.3333E-02    -1.5619E-01
    +1.4083E-01    +2.2908E-01    +1.2392E+00    -1.1077E+00    -7.6093E+00    -3.9884E+00
    -9.4785E-01    +1.0000E-01    +1.3094E+00    -1.8125E+00    -7.6798E-01    -4.9732E+00
    +9.4157E-01    +3.5431E-01    +2.1817E-01    +3.9322E+00    -1.1682E+00    -4.1484E+00
    +3.8713E-01    -4.0029E-01    -1.2100E+00    -9.3966E-01    -1.1355E+00    +2.1746E+00
    -7.3606E-01    -2.6377E-01    -1.3318E+00    +1.8640E-01    -7.7779E-02    +1.8065E+00
    -4.3345E-01    -1.0874E-01    +4.1212E-02    +1.5516E-01    +5.3250E-01    +8.8962E-01
    +9.9352E-02    -1.6152E-01    +7.5393E-01    -8.6013E-01    -1.8148E+00    -1.3896E+00
    -1.3791E-01    +3.0346E-02    +1.5295E+00    -7.3462E-01    -3.2423E-02    -1.0674E+00
    -8.2273E-01    +6.1208E-01    +1.8600E+00    +3.4323E+00    +8.3970E-02    +2.2017E+00
    +1.0803E+00    -3.0663E-01    +1.8162E+00    +3.0993E-01    -5.3622E-01    +6.6655E-01
    +2.3507E-02    +7.6603E-01    +5.5708E+00    +9.7665E-01    -1.1733E+00    -2.8678E+00
    -9.4168E-01    -1.1122E-01    -1.9656E+00    -4.1701E-02    +1.5566E-01    +4.9610E-01
    +1.2758E+00    -6.3461E-02    +3.9239E-01    +5.7064E-01    -6.6963E-01    -2.9215E+00
    +1.0579E-01    +7.7393E-01    +5.5843E-01    +3.8305E-01    +9.6254E-01    +1.5583E-01
    -1.6346E-01    -2.4594E-01    -2.5559E+00    -1.7374E+00    +1.7326E+00    +8.7186E-01
    -3.2709E-01    +2.1943E-01    +2.9308E-01    -9.9517E-01    -6.2375E-01    -2.6277E+00
    +5.4704E-01    +3.6392E-01    -1.2801E+00    -1.8386E-01    +6.8206E-02    -1.1406E+00
    +1.7770E-01    -3.1861E-03    -2.2916E+00    -3.7986E-01    +4.2234E-01    +1.0753E+00
    +5.1448E-01    -7.4987E-01    +8.4482E-01    -7.0874E-01    -2.1412E-01    +3.3118E-01
    +6.4294E-01    -2.2194E-01    -1.4251E+00    -1.8279E+00    -1.0834E+00    -7.7011E-01
    -7.3568E-01    +7.6029E-01    +4.5012E+00    +2.1499E+00    +6.3437E-01    +1.4145E+00
    -1.9546E-01    -5.0084E-01    +8.0422E-02    -4.7168E-01    -2.2687E+00    +2.5725E+00
    -7.7599E-01    +8.5549E-01    +1.3209E+00    -1.0688E+00    +4.4708E-01    -1.0260E+00
    +3.2305E-01    -5.8136E-02    +1.7268E+00    -4.3045E-01    -5.2812E-01    -4.4732E-01
    +7.0542E-02    +1.1362E-02    -7.6516E-01    +9.0413E-01    -3.7462E+00    -4.1135E+00
    +3.9770E-01    +1.1415E-01    +1.2275E+00    -2.2868E+00    -1.6998E+00    +8.8174E-02
    +6.5278E-01    -7.7798E-02    -7.4956E-01    -1.3793E+00    -4.3070E+00    +8.0928E-01
    +5.1684E-01    -6.9071E-01    +2.2565E+00    +1.4242E+00    -4.8120E-01    +6.4051E-01
    -1.0696E-01    +2.5375E-01    -1.5748E-01    +1.0076E+00    +1.0857E+00    -6.2009E-02
    +2.7773E-01    +2.2561E-01    +2.6019E-01    +8.5761E-01    +1.0502E+00    -3.4968E+00
    +1.3966E-02    +6.4266E-01    -1.2494E+00    +1.2806E+00    -6.5137E-01    +6.3008E+00
    -4.6511E-02    -2.4016E-01    -8.3644E-01    -3.9375E+00    +2.4272E+00    -7.0246E-02
    +3.1333E-01    +1.7653E-01    -1.1362E-02    +5.5751E-01    -1.3058E+00    +3.7270E-01
    -4.2685E-01    -1.1932E-01    -5.9120E-01    +2.0344E+00    -4.2478E+00    +1.5236E+00
    -7.5901E-01    -3.8703E-01    +2.3869E-01    -1.7547E+00    -2.4061E+00    -3.5791E-01
    -1.6538E-01    +3.6059E-02    -6.7845E-01    -8.0013E-01    -1.0329E+00    -1.1646E+00
    -4.7518E-01    -6.0608E-01    -1.4960E+00    +1.4123E-01    -2.3109E+00    +2.5770E-01
    +3.0460E-01    +5.1421E-01    +4.9513E-01    -7.8651E-01    +2.2206E+00    +2.6557E-01
    +1.5222E-01    +1.1161E-01    +1.2248E+00    +6.8154E-01    +5.8639E-01    -6.7932E-02
    +5.9830E-01    +4.2775E-01    -1.4348E+00    -3.7968E+00    -1.2731E+00    +8.3046E-01
    -8.9741E-01    -4.6675E-02    -1.7944E+00    -2.7394E+00    -1.6590E+00    -1.2402E-01
    +1.2417E-01    +1.4160E-01    -9.2999E-01    +6.5951E-01    +2.5352E+00    -2.5108E+00
    +1.1972E+00    +6.8925E-01    -3.7040E+00    +2.1002E+00    +1.3061E+00    +5.0521E-02
    -4.5521E-01    +1.8279E-02    -1.4485E+00    +2.2328E+00    -1.4806E-01    +3.5386E-01
    +5.6810E-01    +1.4078E-01    +2.8562E+00    +2.1752E+00    -1.0538E+00    +7.4136E-01
    +7.8608E-01    -3.8340E-01    +1.0027E+00    -1.4639E+00    +1.6148E-01    -1.5100E+00
    +3.1328E-01    +1.9922E-01    -2.1575E+00    -2.4322E+00    +8.3662E-01    +1.6625E+00
    +1.4472E-01    -9.1759E-03    +1.6668E+00    -1.9438E+00    +4.6063E-01    -3.6022E-01
    +1.3047E-01    -1.5122E-01    +3.2052E+00    +1.8551E-01    +5.6625E-01    -1.3907E+00
    -5.7991E-01    +4.5029E-02    +1.0668E+00    +9.4684E-01    +8.9040E-01    +2.9333E+00
    -2.5061E-01    -7.8369E-01    +7.4525E-01    +1.6526E-01    +8.6685E-02    +1.5544E+00
    +2.7902E-01    -2.2923E-01    +1.9870E+00    +1.3913E+00    +1.3856E-01    +7.8790E-01
    -3.6783E-01    +5.6956E-01    -2.2512E+00    -7.5140E-01    +2.2176E-02    -7.6105E-01
    +4.6844E-01    -2.5366E-01    -1.9754E+00    +1.4129E+00    -2.6086E-01    -2.5545E+00
    -4.9203E-01    +1.5235E-01    -1.7880E+00    -2.3695E+00    -2.2556E-01    +1.0696E+00
    +7.7403E-01    -4.8330E-01    -1.4311E+00    -2.2657E+00    +1.4360E+00    -1.8035E+00
    +6.0766E-01    -8.2658E-01    -9.7189E-01    -5.0943E-01    +2.8092E+00    +6.8101E-01
    +2.4094E-01    -3.0523E-01    +2.8499E-01    +2.2911E-01    +3.3612E-01    +3.5751E-01
    +1.9210E-01    +6.2546E-01    -9.9040E-01    +4.9361E+00    -5.1318E-01    -8.7301E-01
    +7.2997E-01    +8.5396E-01    +1.0128E+00    -7.8444E-01    +3.3835E-01    +3.1337E+00
    -3.6056E-01    +9.9575E-02    -1.9517E+00    -5.8038E-01    +2.0077E+00    +1.0646E-01
    -1.6043E-01    -3.5786E-01    -1.3768E+00    -4.0304E-01    +9.0355E-01    -1.0037E+00
    -1.0974E+00    +3.7200E-01    -1.3968E+00    -9.7733E-01    +1.0801E+00    +3.3704E-01
    +1.9062E-01    -4.5782E-01    -1.1196E+00    -1.8106E+00    -1.0176E-01    -9.0227E-01
    +1.4136E-01    -6.8549E-02    -1.6068E+00    +7.6271E-02    -9.3177E-01    +1.7606E+00
    -2.7906E-01    -6.9697E-01    +4.3429E-02    -7.7879E-01    -1.3649E+00    +2.6781E+00
    -7.0252E-01    +8.7207E-02    -2.0302E+00    +2.4240E+00    +3.2722E-02    -1.2897E-01
    -2.2300E-01    +2.7068E-01    +1.3156E+00    +1.3117E+00    +1.7383E-01    -1.2997E+00
    -5.3880E-01    -6.7343E-01    -7.7400E-01    +2.0524E+00    -1.7040E-01    +6.9268E-01
    +3.4597E-01    +4.1833E-01    -2.7504E+00    -2.2608E+00    +8.3229E-02    -1.0095E+00
    +9.3142E-02    -1.3567E-01    -8.3748E-01    +2.5184E-01    -2.5723E+00    +5.2303E-01
    +7.9965E-01    -6.9993E-01    +1.7189E+00    -2.7959E+00    +1.4686E+00    -2.0157E-01
    +2.9944E-01    +2.6600E-01    +2.3923E+00    +1.5684E+00    -3.6317E-01    -2.0150E-01
    -2.6335E-01    -5.2360E-01    +3.2214E-01    -2.7101E+00    +7.1253E-01    +1.7731E+00
    -1.2415E+00    -4.2265E-01    +2.2857E-01    -1.4348E+00    +2.1649E+00    +6.9474E-03
    +1.0744E-01    -9.0044E-01    +8.4850E-01    -4.3503E-01    +2.6419E+00    -3.7410E-01
    +9.0295E-02    -3.5503E-01    -8.3763E-01    -4.6710E-01    +8.0940E-01    -9.7483E-02
    +6.7863E-01    +9.2244E-03    +9.4682E-01    -1.2887E+00    +8.3086E-02    -2.5844E-01
    -1.3149E-01    +1.1970E-01    -1.8613E-01    -1.7615E+00    +1.8109E+00    +5.6031E-01
    +7.1221E-03    +2.1671E-02    +1.0180E+00    -1.1997E+00    -2.2844E+00    +9.2366E-01
    +2.4203E-01    +3.0371E-01    +8.4004E-01    -8.4224E-01    -3.1934E+00    +3.2974E-01
    +8.2755E-01    -5.7604E-01    +1.3926E+00    +4.7269E+00    -1.2417E+00    -2.1255E-01
    -1.1066E+00    -1.7163E-01    -1.5724E+00    -2.2340E+00    -1.5098E+00    +4.6415E-01
    -2.2898E-01    -4.9981E-01    +1.3321E+00    +1.8010E+00    +6.1578E-01    +8.4023E-01
    -3.4847E-01    -3.3504E-01    +1.1954E+00    -1.7724E+00    +3.1823E+00    -9.5157E-01
    -7.3411E-02    +3.4534E-02    +1.0304E+00    -2.1599E+00    +6.0063E-01    -1.4300E-01
    -2.1000E-01    -6.4926E-02    +4.9527E-01    -8.3467E-01    -1.3967E+00    +8.3500E-01
    +5.0217E-01    +8.4418E-01    +1.4461E+00    -9.0183E-01    +1.6855E+00    +1.1716E+00
    -1.8379E-01    -6.8609E-01    -4.5268E-02    -1.8327E-01    -8.8540E-01    +2.1284E-01
    +2.3871E-01    -1.8394E-01    -2.3720E+00    +1.9682E+00    -3.2304E-03    -1.6952E+00
    -5.2499E-01    -7.8685E-01    -1.2785E+00    +8.2785E-01    -7.5234E-01    +4.3904E+00
    -6.7809E-02    +3.6290E-01    -2.0578E+00    -5.6826E-01    +4.0870E-01    -2.8994E+00
    +8.4430E-02    -1.6754E-02    +2.2622E+00    -8.5882E-02    -8.6127E-01    -1.8236E+00
    -3.9045E-01    -5.1720E-01    +6.8965E-01    +1.6465E+00    +4.4031E-01    +1.1953E-01
    -8.6160E-02    -7.7580E-01    -1.3904E+00    +1.1199E+00    -3.6633E-01    -9.5952E-01
    -7.9813E-01    -6.2743E-01    -7.5927E-01    -1.0238E+00    -3.8819E+00    -1.5085E+00
    +9.3881E-01    -1.9726E-01    +4.9941E-01    -1.0559E+00    -3.4218E+00    -8.4573E-01
    +1.2974E-01    +2.6815E-01    +1.3801E-01    +1.9036E+00    +2.7801E-01    +7.9234E-02
    +5.8320E-01    -4.7060E-01    -2.7606E+00    -8.8002E-01    +1.5811E+00    -2.8584E-01
    -7.5707E-01    +5.9596E-01    +1.2735E+00    -1.1782E-01    +9.7826E-02    -2.5489E+00
    -9.2886E-01    +9.4399E-01    -2.0153E+00    -9.9797E-01    -1.4690E+00    +1.4697E+00
    +6.7878E-02    +2.9506E-02    +9.1251E-04    +3.0149E+00    +3.5684E-01    -1.2146E+00
    -4.2584E-01    +5.2107E-01    +2.5859E-01    +7.5714E-03    +9.2485E-01    -7.3295E-02
    +4.1525E-01    +2.2280E-01    +1.5026E+00    +5.6787E-02    -3.6454E-01    -4.1666E-01
    +6.0875E-01    +1.1004E-01    -2.1465E+00    -1.3819E+00    -1.3652E+00    +1.0661E+00
    +4.5748E-01    -6.3691E-01    -2.4285E+00    +5.4774E-02    +2.2771E-01    +1.3414E+00
    +5.8314E-01    -1.2565E-01    +2.9653E-01    -5.1415E-01    +2.2922E+00    -1.5318E-01
    -4.5137E-01    +1.8449E-01    -5.8375E-01    -1.4603E+00    +7.4340E-01    +7.2782E-01
    +8.9051E-01    -2.7349E-02    -6.6204E-01    -2.4162E+00    -1.8269E-02    -2.2071E-01
    +3.9552E-01    -2.5782E-01    +1.6534E-01    +9.2331E-02    -1.3244E+00    -3.2780E-02
    +9.2850E-01    -1.2925E-01    -3.6018E-01    +2.0504E+00    +2.3107E+00    +2.4503E-01
    -3.5291E-01    -1.6410E-01    -2.8106E+00    +1.9391E+00    +3.1890E+00    +7.5957E-02
    -1.0984E-01    +1.1730E-01    +2.2056E+00    -5.0826E-03    -2.2358E-01    -8.7979E-01
    +4.2380E-01    -3.1164E-01    +2.0664E+00    +6.7034E-01    +3.2380E-01    +2.3643E+00
    -1.1380E-01    -5.8121E-01    -8.9839E-03    -2.5965E-01    -1.3742E+00    -2.8231E+00
    +1.0016E+00    +6.3487E-01    +1.1312E+00    -1.4515E+00    -1.6735E+00    +3.7622E-02
    +4.7726E-01    -5.2203E-01    +3.5727E-01    -2.1865E+00    -1.0309E+00    +1.1335E+00
    -6.3250E-01    -3.9989E-01    +5.3620E-01    +9.8026E-01    +7.6483E-01    +2.0498E+00
    -5.5425E-01    -4.2291E-01    -1.5764E-01    +1.7774E+00    -1.6646E+00    -2.7035E+00
    +2.0869E-01    -3.6332E-01    +1.7377E-01    -1.9746E+00    -2.7807E-01    +9.1260E+00
    +8.2455E-01    -4.6460E-01    -6.9387E-01    -4.3428E-01    +5.3957E-01    -2.8808E+00
    +3.1969E-01    +3.5939E-01    +1.6316E+00    +6.1392E-01    -1.2926E+00    +3.4275E-01
    -4.2052E-01    +3.0505E-01    +3.4572E+00    -1.0863E+00    -1.5117E+00    -1.4911E-02
    -4.9272E-01    -5.5982E-01    -1.2711E+00    +6.3970E-01    +1.7168E+00    +1.1029E-01
    +5.8938E-01    -2.5309E-01    +1.8112E+00    +9.2990E-01    -1.4137E+00    +2.7855E-01
    -1.9845E-02    -5.8156E-01    +2.0938E+00    +6.3564E-01    +5.1711E-01    -2.1932E+00
    -2.0220E-01    +8.7697E-02    -3.0090E-01    +1.7267E+00    +2.8703E-01    -9.8056E-01
    +5.2629E-01    -4.6828E-01    +1.8486E+00    +2.0156E+00    +5.6212E-01    -1.3709E+00
    -1.4111E-02    -6.4090E-01    -4.4171E-01    +1.5446E-01    +3.2089E+00    -1.2919E+00
    +1.9377E-01    -4.0880E-01    +1.2986E+00    +2.0988E+00    +1.6843E-01    +1.7365E+00
    -1.0609E+00    -6.2909E-01    -5.0379E-01    -1.5620E-01    +6.7050E-01    -1.6358E+00
    -3.2419E-01    +6.8145E-01    +7.8469E-01    +6.1698E-01    +9.5207E-02    -1.3970E+00
    -7.8840E-01    -1.1995E-01    -1.7996E+00    +1.8545E+00    +4.3197E+00    +3.7108E+00
    +7.7465E-02    +2.6908E-01    -2.1476E+00    +7.9000E-01    +1.8873E-01    +1.0278E+00
    -2.5646E-01    +4.9505E-01    +3.7066E+00    -1.1801E+00    +3.7738E+00    -8.2807E-01
    +6.3195E-01    -3.7353E-01    +2.4835E-01    +5.6976E-01    -1.2646E+00    -2.5629E-01
    -7.3798E-01    -7.0210E-01    +4.4587E-01    -9.3281E-01    +2.8401E+00    +9.9646E-01
    -3.6107E-01    +7.1723E-02    -1.2161E+00    -1.0598E+00    +4.4832E-01    +5.0284E-01
    -2.3970E-01    +5.0247E-01    -9.6802E-01    +5.7529E-01    +1.6235E+00    -5.9227E-01
    -4.0742E-01    +1.4181E-01    -1.1884E+00    -2.8510E+00    +1.0405E+00    +2.2820E+00
    +8.8515E-01    +4.8513E-01    -1.8307E+00    -2.9245E-02    -7.0958E-01    -7.5016E-01
    -3.5932E-01    -6.2036E-01    -6.9109E-01    +1.4849E+00    -1.2075E-01    +1.7467E+00
    -3.4184E-01    +2.2557E-02    +1.0108E+00    -4.2495E-01    +2.0652E+00    +4.7108E-01
    +9.3848E-02    -3.0591E-01    +4.9603E-02    -2.6106E+00    -5.9238E-01    -1.1181E+00
    -6.7665E-02    -2.8039E-02    -3.8411E-01    -1.6615E-01    -1.7394E+00    -3.0841E-01
    -7.0944E-01    +5.9949E-01    +1.0981E+00    +1.7721E+00    -7.2893E-01    +2.1073E+00
    -3.4280E-01    -2.1103E-01    -4.3166E-01    +1.0109E+00    -4.1808E-01    -2.0912E+00
    +4.2328E-01    +3.5315E-02    -1.3770E-01    +5.0765E-01    +1.9521E+00    +9.3442E-02
    +4.7933E-01    +5.0149E-01    -1.2311E+00    -1.5717E+00    +1.5497E+00    +5.9992E-01
    -3.3528E-02    -9.4595E-02    -1.4932E-01    -1.3301E+00    +1.2507E+00    -1.7652E-01
    +6.5750E-01    -1.0111E-01    -4.1707E-01    -5.6586E-02    -1.8158E+00    +2.7687E-01
    +7.1404E-01    -2.8783E-01    +3.1457E+00    +3.2218E+00    +6.8371E-01    +2.0636E-02
    +7.4374E-01    +1.2451E-01    -1.3420E+00    -1.4544E+00    +3.9819E-01    +2.4007E-01
    +1.2989E-01    -4.3637E-01    -8.5073E-01    +5.3377E-01    -4.3210E-01    +3.0149E-01
    -2.3633E-01    +4.8002E-02    -3.2514E-01    -5.4410E-02    +1.5958E-01    +1.2134E+00
    +3.3620E-01    -6.0180E-01    +7.5359E-01    -2.8139E+00    -1.5217E+00    +1.3420E-01
    +6.6954E-01    -3.3585E-01    -9.2888E-01    +3.0053E+00    +1.7508E-02    -8.6229E-02
    +8.1404E-01    -3.1578E-01    +1.0373E-01    -8.8975E-01    +2.5813E-01    -3.1945E+00
    +5.9894E-02    +1.9339E-01    +1.7608E-01    +9.7130E-01    +1.3417E+00    -5.6008E-01
    +8.1854E-01    -8.2597E-01    +2.2498E+00    +1.0404E+00    -3.3917E-01    +1.7631E+00
    -1.3364E-01    -4.3594E-01    -5.2117E-01    +2.7586E-01    +3.2832E-01    -4.4239E-01
    +6.2749E-01    +5.9339E-01    +2.2607E+00    +6.7831E-01    -1.9765E+00    -2.3966E+00
    -1.0387E+00    -2.1588E-01    +1.4640E-01    -1.2610E+00    +4.4313E-01    +3.4519E+00
    +2.0064E-01    -4.1674E-01    +5.1537E-01    -9.3996E-01    +4.8959E-01    -9.8630E-01
    -2.2143E-01    -5.4798E-01    -7.6929E-01    +6.3739E-01    -2.3135E+00    +9.8823E-01
    +6.6006E-01    +5.4241E-01    -1.7428E-01    -4.9440E-01    +1.5939E+00    +1.0658E+00
    -1.0572E-01    +3.1268E-01    -2.1814E+00    +8.2369E-01    -5.0026E-01    +9.2400E-01
    -4.8816E-01    -1.4531E-01    +4.2216E-01    +2.2615E+00    +4.3200E-01    -3.9088E-01
    -5.6753E-01    -5.1699E-01    +3.4389E-01    -1.6944E+00    -3.2956E-01    +9.7028E-02
    -5.4083E-01    +4.0185E-01    +3.9240E-01    +2.2827E+00    +6.7425E-01    +7.7124E-02
    -4.1036E-01    -1.4385E-01    -1.5131E+00    -2.3469E-01    -6.0725E-01    +1.1088E+00
    +4.2860E-02    -5.0166E-02    +7.3026E-01    +3.3356E+00    +1.2362E-01    -1.3213E+00
    -3.2979E-01    -1.6097E-01    +2.5583E-01    +4.6402E-01    +8.2408E-02    -1.3108E-01
    +1.1868E+00    -2.7067E-01    +6.0402E-01    +1.7947E+00    +1.5227E+00    +1.4114E+00
    -6.3740E-01    +5.4031E-01    +5.2591E-01    +6.3534E-02    -5.1503E-02    +1.9331E+00
    -5.2603E-02    +5.6157E-01    -1.7597E+00    +7.7098E-02    -3.6797E+00    +6.6608E-02
    +3.5266E-01    -6.9214E-01    -1.8214E+00    -1.1299E+00    +2.6945E-01    +5.4175E-03
    +6.4681E-01    +5.3479E-01    +4.3456E+00    -8.1738E-01    +1.6051E+00    +3.3780E+00
    -1.2741E-01    +3.0199E-01    +3.3333E+00    -1.0520E+00    +5.2767E-01    +1.5186E+00
    -2.0228E-01    +6.3057E-01    -2.2662E+00    -1.9368E+00    +5.4175E-02    -5.3443E+00
    -4.5089E-01    +2.6257E-01    +4.8035E-01    -4.3789E+00    +9.3693E-01    -8.1193E-01
    +1.2316E-01    +3.3528E-01    +7.3195E-02    -1.3992E+00    +2.2235E+00    +4.5109E-01
    -2.2378E-01    -1.9617E-01    +1.0496E+00    -1.5306E+00    +4.0207E-01    -9.2588E-02
    +3.6239E-01    +2.4407E-01    -7.3519E-01    +2.1349E+00    -7.0093E-01    -5.6946E-01
    -3.1045E-01    -4.4119E-02    +1.0810E+00    -2.9086E+00    -1.7055E-01    -5.0377E-01
    +7.4172E-01    -1.8528E-01    -2.5837E+00    -1.4754E+00    +6.0483E-01    -1.4128E-01
    +1.4858E-01    +1.5406E-01    +5.3061E-01    +8.4413E-01    +1.1625E+00    -7.2730E+00
    +2.7934E-01    -7.1807E-01    +7.9951E-01    +2.2165E+00    +1.5493E+00    -2.2795E+00
    -6.0620E-01    +6.6765E-01    +1.4897E+00    -6.6688E-01    -3.0767E-01    -1.5535E+00
    +1.7272E-01    +6.9307E-02    +3.7899E-02    -2.1558E+00    -4.1824E-01    -4.3944E-01
    +2.0404E-02    +3.6946E-01    -1.3264E+00    +9.2511E-01    +6.0387E-01    -9.0960E-01
    -1.7132E-01    -7.2000E-01    +3.5487E+00    +7.1658E-01    -1.7691E+00    -2.2797E+00
    +1.0778E+00    -4.8618E-01    -3.1624E-01    -6.2227E-01    +2.6556E-01    +1.1853E+00
    -5.3968E-01    -1.9712E-01    +9.4053E-01    -8.0799E-02    +2.1963E+00    -2.6021E+00
    -3.0578E-01    -4.1876E-01    -1.0785E+00    +7.3222E-01    +1.2955E-01    +1.6065E+00
    +3.9389E-02    -5.9381E-01    +9.5933E-01    -4.6708E-01    +3.0250E+00    -4.3289E-01
    -3.2854E-01    -1.7949E-01    -1.5999E+00    +1.1960E+00    -2.0851E+00    -2.1135E+00
    -2.0585E-01    +6.1741E-02    -1.5417E+00    +1.8789E+00    -8.0668E-01    +2.6491E-01
    -3.8339E-01    -2.7535E-01    +5.7893E-01    +1.0958E+00    +4.8837E-01    +1.3881E+00
    +4.5199E-01    -6.3681E-01    -2.2319E-01    -1.0586E+00    +1.4117E+00    +1.2319E+00
    -4.7426E-01    -7.9550E-02    -1.4822E+00    +3.5302E+00    -1.0553E+00    +1.0863E+00
    -1.5558E-01    +1.4455E-01    -1.0997E+00    -1.0411E-01    -7.7090E-01    -4.0098E-01
    +6.7189E-01    +6.8636E-01    +2.1100E+00    +4.3407E-01    -1.3847E+00    +2.0230E+00
    -3.2939E-02    -2.9283E-01    -1.4003E+00    +6.5465E-01    -1.3086E+00    -2.6740E+00
    -2.8092E-01    -5.7452E-01    +3.8978E-01    +1.2609E+00    -1.8608E-01    +3.0772E-01
    -3.7342E-01    -4.6232E-02    -3.4803E+00    -9.7246E-01    -6.7959E-01    +1.3670E+00
    +4.8400E-01    -7.1580E-02    -5.8485E-01    -2.4403E-01    +1.5566E-01    -1.4610E+00
    -2.9549E-01    -5.1258E-02    -3.8028E+00    +1.6422E+00    -8.7066E-01    +2.8932E-02
    +1.6301E-01    -2.0662E-01    -1.5837E+00    +1.0289E+00    +7.3648E-01    -4.4382E-01
    +7.8142E-01    +5.2309E-01    -3.9750E-01    +1.5280E+00    -6.5628E-01    -2.3763E+00
    -4.8086E-01    -2.6452E-01    -1.7718E+00    +2.6571E+00    -5.3099E-01    +3.4558E-01
    +6.2002E-01    -1.2638E-01    -1.0545E+00    -1.5319E+00    -2.5721E+00    +1.3393E+00
    -6.1959E-01    -5.3640E-02    -5.3950E-03    -1.4508E+00    -1.8454E+00    -4.6225E-02
    +3.5382E-01    +2.8215E-01    +2.1592E+00    +6.9990E-01    +1.1189E-02    +1.6623E+00
    +1.0402E+00    +2.4059E-01    -6.0712E-01    +1.2805E+00    -2.4565E+00    -3.8654E+00
    +6.9449E-01    -7.7049E-02    +3.7520E+00    +3.9935E-01    -2.2195E-01    +2.5259E-01
    -3.7906E-01    +5.9865E-01    -8.9356E-02    +9.5723E-01    -1.9286E+00    -2.5862E+00
    +7.5383E-01    +5.3364E-01    +1.5466E+00    -9.0260E-01    +1.3097E-01    +1.0993E-01
    +9.3230E-02    -1.3164E-01    +1.1916E+00    -9.8846E-01    +2.6521E+00    +9.4064E-01
    +2.1619E-01    -2.2964E-01    -1.6524E+00    -1.3083E-02    +1.4210E+00    +8.5829E-01
    +3.6687E-01    -3.7660E-01    +2.0189E+00    -4.8573E-01    +5.8734E-02    -3.5533E+00
    +7.5956E-01    -5.7787E-02    +6.9689E-01    +1.7304E-01    +1.0681E-01    +2.6003E+00
    -6.6885E-01    -1.0186E-01    -3.8701E-01    +5.6981E-01    +3.2083E+00    +2.5842E+00
    +1.1728E+00    -2.4204E-02    +2.9800E+00    -1.8326E+00    +2.6683E+00    -2.7045E-01
    -1.1597E-01    +5.4431E-01    +7.9765E-02    -5.9766E-02    -4.8203E-02    +1.4918E-01
    -2.5551E-01    -1.8269E-01    +5.8569E+00    +3.1075E+00    +1.0435E+00    -2.1532E+00
    +9.6749E-01    -1.9901E-01    -1.7948E-01    -9.3759E-01    +5.3921E-01    +9.0133E-01
    -8.1906E-01    +5.0075E-01    +2.5792E+00    -2.1495E+00    -2.5003E+00    -5.0780E-02
    -5.1807E-01    -5.6861E-01    -6.6570E-01    +6.7596E-01    +2.8090E-01    -1.3703E-01
    +1.9938E-01    -8.1554E-01    +7.3328E-01    +3.2415E-02    -5.1803E-01    -2.4538E+00
    -5.0173E-01    +7.8482E-01    +4.5162E-01    -1.4800E+00    +1.5485E+00    -9.7487E-01
    -4.4084E-01    +7.0002E-03    +1.1120E+00    +3.8260E+00    -2.0484E+00    +3.1498E+00
    -4.5178E-01    +1.8660E-01    -1.6962E+00    -1.3458E-01    +6.9248E-01    -3.0405E-01
    -2.3491E-01    +9.8230E-01    -6.5317E-01    +1.2987E+00    -1.7586E+00    +8.8783E-01
    -8.2492E-01    -2.3583E-01    -3.1523E-02    -8.8668E-01    +2.2415E+00    +1.3401E+00
    +4.4688E-01    -7.8921E-01    -9.2081E-01    -2.4694E+00    -6.9057E-01    +1.9494E+00
    +1.8207E+00    +1.9403E-01    +1.2316E+00    -8.3709E-01    -1.8141E+00    -2.0384E+00
    -5.5803E-01    -2.5907E-01    +2.5550E-01    -5.2884E-01    -1.5658E+00    +8.6477E-01
    +8.6575E-02    +3.9606E-01    -4.1442E+00    +1.5370E+00    -1.0504E+00    +2.4013E-01
    -3.0434E-01    +1.5852E-01    +2.4892E+00    -1.0717E+00    +2.6230E-01    -5.7621E-01
    +2.9187E-01    -1.4730E-01    +1.6876E+00    -3.7277E-01    -5.3504E-01    -3.9098E-01
    +5.0542E-01    +7.9190E-01    +6.3715E-01    +1.2095E+00    +5.7538E-01    -3.5666E-01
    +1.4282E+00    -3.5588E-01    -5.1257E-01    +3.2308E-01    +1.0183E+00    +5.3614E+00
    +3.4910E-01    +3.9583E-01    -9.7246E-01    -9.8239E-01    +7.8851E-01    +9.2333E-01
    +6.3736E-01    +2.0234E-01    +4.9053E-01    -2.2193E+00    +1.4006E+00    +7.6407E-01
    -4.2507E-01    +2.0270E-01    -5.8364E-01    +1.6073E+00    +1.3920E+00    +9.0748E-01
    +2.9351E-02    +7.0961E-01    +1.5932E+00    +1.6289E+00    -3.4996E-01    -3.2171E-01
    -8.1748E-01    +3.7340E-01    +1.9313E+00    +1.6568E+00    +7.5199E-01    +3.6086E+00
    +8.7940E-01    -3.6603E-01    -8.9140E-01    +1.5115E+00    +3.1677E+00    +1.0656E+00
    +9.3060E-01    -4.8684E-02    -2.0638E+00    +1.4575E+00    +2.6148E+00    -4.8431E+00
    -5.1388E-01    +3.9711E-01    +1.6448E+00    +1.2166E+00    -1.1965E+00    -5.5123E-01
    -1.3699E+00    -9.5971E-02    -1.3505E+00    -1.5943E+00    +1.1978E+00    +5.3978E-01
    -7.3006E-01    +4.2222E-01    +1.8667E+00    -7.8944E-01    +2.5132E+00    -2.2563E+00
    +9.0242E-02    +5.2443E-01    -6.3707E-01    +7.4409E-01    -9.4324E-01    +2.7954E+00
    -6.3521E-01    -8.3855E-02    +4.5124E-01    +2.4173E+00    +1.4852E+00    -1.1293E+00
    +4.7454E-01    -6.3698E-01    +1.0104E+00    +9.3896E-01    +3.1073E-02    -4.0903E-01
    -3.5550E-01    +1.5060E-02    +2.3243E+00    -1.3459E+00    +5.3018E-01    -2.1331E+00
    +3.1562E-01    +2.7160E-01    +5.9979E-01    +1.3307E+00    +7.0901E-01    -2.7799E-01
    -1.7053E-01    -5.7442E-02    +7.6058E-01    +2.2348E+00    +2.8257E-01    -7.4016E-01
    -5.5181E-01    +4.3943E-01    -6.4776E-01    -7.7513E-01    +1.4344E+00    +2.7000E+00
    +2.2277E-01    +2.8075E-01    +1.5251E+00    -1.5162E+00    +4.5414E-02    +3.4159E-01
    +8.0432E-01    +4.2904E-01    -1.6575E-01    -8.5139E-01    +1.3802E+00    +5.3277E-01
    -3.5890E-01    -1.3827E-01    +1.1841E-01    +1.2446E+00    -9.0248E-01    +1.3415E+00
    +1.0340E-01    -2.5415E-01    +2.0681E+00    +1.9325E+00    -6.5418E-01    +2.1842E+00
    -1.4684E+00    -1.2341E-01    +7.0088E-01    +5.9372E-01    +5.1602E-01    +6.8035E-01
    -3.9526E-01    -1.9195E-01    +8.6797E-01    -2.2768E+00    -3.8778E-01    -6.2048E-01
    -5.4954E-01    +2.3346E-01    +1.3163E+00    -4.5855E-01    +5.1135E+00    -3.9051E-01
    -6.0446E-01    +1.6356E-01    -6.3642E-02    -1.9809E+00    +4.2844E+00    -8.1413E-01
    +3.6900E-02    +7.7419E-01    -1.5044E+00    +3.0593E+00    -6.1688E-01    -1.4157E+00
    -5.3799E-01    -5.6015E-01    +3.6774E+00    +1.7513E+00    +7.1172E-01    -1.2210E-01
    -1.1052E+00    -7.1913E-01    +1.9830E+00    +5.1535E-02    +7.5954E-01    +5.8958E-01
    -5.6750E-01    +7.6296E-01    +1.9375E+00    -2.9403E-01    +1.1322E+00    -1.1636E-01
    -1.2412E-01    +2.9656E-01    +1.7816E+00    -1.7947E+00    +3.5116E+00    -7.7249E-01
    -4.7830E-01    -4.5685E-02    -1.1628E+00    -6.4824E-01    -1.1747E+00    -2.6767E-01
    -5.8127E-01    +3.5910E-01    +1.2776E+00    -2.2532E+00    -1.2498E+00    +5.2525E-01
    +8.9688E-01    -7.3312E-01    -1.9666E+00    +1.1624E+00    -2.4017E+00    +5.6584E-01
    +1.7669E-01    -6.6917E-01    +6.7287E-01    +1.1655E-01    -8.5433E-02    +3.6146E-01
    +3.8681E-01    +1.3359E-01    +1.4040E+00    -1.7030E+00    -6.0269E-01    -1.2995E+00
    +6.0684E-01    +1.6214E-02    +1.6255E+00    -1.6024E+00    +2.5474E+00    -2.4532E-01
    -1.2746E-01    -4.4985E-01    -2.0024E+00    -1.0546E+00    -7.2688E-01    +4.5350E+00
    +9.2497E-01    -3.5805E-01    +6.3328E-02    -3.5843E-01    +1.0916E+00    +5.1674E-01
    -7.2295E-01    -6.2861E-01    -3.0841E+00    -8.9130E-01    -2.4123E+00    +3.2340E-01
    +1.0264E+00    +6.9089E-01    +1.2404E-01    -1.1460E+00    +4.2571E-01    +1.5904E-01
    -2.2696E-02    +6.7989E-02    -8.6628E-02    +5.6069E-01    +4.5790E-01    +2.1452E+00
    -4.3675E-01    +1.9362E-03    +4.1361E+00    -2.1604E+00    +1.1481E+00    +3.4085E+00
    +6.1442E-01    +2.7338E-01    -3.9671E-01    -1.1247E-01    +3.2967E+00    +1.7141E+00
    -2.8817E-01    +3.0762E-01    +1.1829E+00    +2.5727E+00    -4.0581E+00    -3.0742E+00
    -4.7029E-01    +1.8084E-01    -1.6764E+00    +6.2075E-01    +7.1074E-01    +1.7219E+00
    -3.5644E-02    +1.7020E-01    +1.2905E+00    -1.4992E+00    -1.7944E-02    -2.7991E+00
    +3.2876E-01    -1.9196E-01    -1.3122E+00    -2.6182E+00    -1.3110E+00    +3.2729E-01
    +4.7799E-01    +3.1042E-02    -1.4709E+00    -8.2208E-01    -1.9424E+00    -3.9681E-01
    +1.1430E+00    -4.4765E-01    +5.3028E-01    +8.7100E-01    -3.2358E+00    -7.1619E-01
    +3.9316E-01    +4.0739E-01    +1.4809E+00    -2.1362E+00    -1.1510E-01    -5.5554E-01
    -1.1604E+00    -1.3559E-01    -8.5231E-02    +1.4870E+00    -4.3470E-01    -7.3732E-01
    -1.6255E-01    +2.4259E-01    -1.3110E+00    -1.6691E+00    +1.6524E+00    -2.6534E+00
    -6.8048E-02    -2.7082E-01    +1.9829E+00    -3.3385E+00    +1.5950E-01    -2.0035E+00
    -1.6238E-02    +1.5100E-01    -8.7893E-01    +1.8091E+00    -2.1087E+00    +1.2398E+00
    +2.0295E-01    -5.5163E-01    +2.2536E-01    +2.1647E+00    +1.0401E+00    -1.0669E+00
    +1.6220E-01    +1.3700E-01    +2.3512E+00    -2.5667E+00    -2.2711E-01    -2.6979E-01
    -3.7148E-02    -1.2138E-01    +1.9208E+00    -8.7813E-01    -5.8172E-01    -2.2526E-01
    +4.7648E-01    -6.2532E-02    -5.8556E-01    +2.2526E+00    +8.3238E-01    +4.1940E-02
    -5.1805E-01    +3.5824E-01    +7.9043E-01    -1.3463E+00    +7.7138E-01    -1.6811E+00
    -1.0723E+00    +5.3597E-01    -4.1122E-01    -1.6339E+00    -1.3347E+00    +2.9361E+00
    -5.8864E-01    +2.4249E-01    +2.0515E+00    +7.5727E-01    -9.8273E-01    -2.1782E-01
    -5.0300E-01    +5.9547E-01    +7.6249E-01    +2.0562E+00    -8.7867E-01    +1.4196E-01
    +5.1834E-01    -4.4802E-01    -3.2111E-02    -1.7548E+00    -3.2740E-01    -2.2443E-01
    -4.6277E-01    +2.2785E-01    -1.1508E+00    +6.0199E-02    +4.3639E-01    -4.8129E+00
    +4.5714E-01    -5.1886E-01    +3.8378E+00    +8.3239E-01    -1.4935E-01    +2.6100E-01
    -8.1616E-04    -1.9138E-01    +1.2964E+00    -2.6995E+00    -1.7593E+00    -4.1165E-01
    +1.6052E+00    -1.1606E-01    -6.8791E-01    -1.8305E+00    +3.3176E+00    +9.5424E-01
    +4.0376E-01    +7.9260E-01    +5.1914E-01    +3.3673E+00    +4.6550E-01    +3.7210E-01
    +1.7289E-01    -3.7563E-02    -2.0694E+00    -1.0903E+00    -1.6431E-01    +3.5354E+00
    +1.3670E-01    +6.5764E-02    +1.4066E+00    -1.8796E+00    +3.2705E-02    -2.3951E+00
    +3.1529E-01    -4.5993E-02    +4.0531E-01    +3.7071E-01    -2.7687E+00    -5.9727E+00
    -5.4546E-01    +5.1639E-01    +1.0836E-01    -2.6595E-01    -1.6101E+00    -2.3927E+00
    -2.3565E-01    +5.2879E-02    +3.3667E+00    -2.4423E+00    -3.4228E-01    +1.6756E+00
    +7.1024E-01    -1.5254E-01    +5.8183E-01    +4.9203E-01    -2.6404E+00    -4.9941E-01
    -3.2291E-01    +9.2313E-01    +1.8359E+00    -6.9128E-01    +9.3915E-01    -8.0573E-01
    -1.8665E-01    -9.1075E-01    -2.5920E+00    -9.2514E-01    +1.1309E+00    -8.3042E-01
    +1.2995E+00    +3.2399E-01    +7.1395E-01    +1.8241E+00    +4.6240E-01    -9.4884E-01
    -5.6985E-01    +8.7324E-03    +7.4733E-02    -3.2061E+00    -2.0767E+00    +6.4860E-01
    -6.0253E-01    +3.8504E-01    +1.4238E+00    +1.2272E+00    +1.1777E+00    -9.0505E-01
    +4.4832E-03    +1.3024E-01    -2.2255E+00    +1.3196E+00    -3.4733E-01    +6.5113E-01
    -7.8172E-01    +1.6527E-01    +1.5299E+00    +2.4641E+00    +9.1010E-01    +1.1451E+00
    +2.5354E-01    -8.6173E-02    -1.9132E+00    -2.5274E+00    +3.4747E+00    +6.7277E-01
    +7.3727E-01    -8.3285E-01    -1.3881E+00    -1.0458E+00    -1.9790E+00    -1.4588E+00
    -6.6400E-01    +3.6672E-02    +1.6719E+00    -1.8741E+00    +3.0915E-01    +2.0467E+00
    +8.5803E-01    -1.9886E-01    +9.4419E-01    +2.4107E+00    -6.4751E-01    -1.4417E+00
    +5.8772E-01    -3.6955E-01    +3.4262E+00    +2.5120E+00    +1.1123E+00    +8.1287E-01
    -3.6169E-01    +5.3756E-01    -1.0216E+00    +3.4539E-01    -2.3936E+00    +1.7392E+00
    +2.0898E-01    -3.2176E-01    -6.5730E-01    -1.2838E+00    -7.9026E-01    +4.7035E-01
    -8.8508E-02    -3.2070E-01    -7.5796E-01    -2.0676E+00    +2.6019E+00    +4.5642E+00
    -8.5265E-01    -7.7236E-01    -2.0909E-01    +1.9757E-01    -2.7613E-01    +2.1931E+00
    +2.3358E-01    -1.0313E-01    +5.1109E-01    -7.8142E-01    +5.5426E-01    -3.3878E-01
    -3.2356E-01    -7.9876E-01    +2.2136E+00    -8.9991E-01    +2.3135E+00    +3.5949E+00
    +1.0927E+00    -1.4804E-01    -1.9380E-01    -1.5221E+00    -1.2082E+00    -1.0433E+00
    -1.7723E-01    +4.9966E-01    -8.5550E-01    -1.9946E+00    -6.3859E-01    +1.9123E+00
    +3.5814E-01    +3.7022E-01    +3.0418E-01    -1.6175E-01    -1.4220E+00    -4.2407E-02
    -4.5314E-01    +8.3402E-02    +3.3967E-01    +2.8368E-02    -7.4533E-01    -6.2343E-01
    -2.4431E-01    +7.2717E-02    -3.3621E-01    +5.3097E-02    -9.7938E-01    -2.0281E+00
    +7.8812E-01    -7.9588E-01    +1.2688E+00    +1.3479E+00    +1.4506E+00    -2.0049E-01
    +1.8754E-01    -6.0376E-02    -5.3192E-01    +1.0651E+00    -4.1334E-01    -3.5426E-01
    -8.8556E-01    +1.3812E-01    +1.0244E+00    +8.8870E-01    +1.4383E-01    -7.1080E-01
    +7.4291E-01    -6.4571E-01    -9.3403E-01    +4.2102E-01    -1.7461E+00    -2.8266E-01
    +1.2912E+00    -1.0553E-01    +1.3633E+00    -1.1635E-01    -2.8561E-01    -1.9288E+00
    +4.1742E-01    +3.5682E-01    +2.7880E+00    +1.6357E+00    -1.0505E+00    +1.5710E+00
    +9.5007E-01    -1.8793E-01    -4.4275E+00    +1.3243E+00    -2.3643E-01    -1.7403E+00
    -3.9440E-01    -2.9954E-01    +1.4774E+00    -1.2920E+00    +2.5366E-01    +3.5082E-01
    +2.8990E-02    +4.6780E-01    -6.8963E-01    +2.0190E+00    +2.5626E-01    +2.6886E+00
    +1.2294E-02    +3.1485E-01    +4.6404E-03    -2.5609E+00    +5.7741E-01    -2.3304E+00
    -6.5738E-01    +7.9693E-01    +1.6681E+00    +2.8759E-01    -3.3023E+00    -6.8704E-01
    -3.7616E-01    +9.3116E-02    -1.2866E+00    +4.1535E-01    +1.4667E+00    -3.9902E-01
    -1.7348E-01    -4.0696E-02    +2.3767E+00    +2.5348E+00    +4.7905E-01    -1.3937E+00
    -3.0194E-01    +3.0461E-03    +1.0341E+00    -5.7673E-01    -1.2557E+00    -2.6095E-01
    -2.3095E-02    -9.9887E-02    -7.2559E-01    -2.1348E+00    +7.6134E-02    +7.1126E-01
    -3.4967E-01    +1.2659E-01    -1.4742E-01    +4.7668E-01    +1.1773E+00    -1.7719E+00
    +5.2345E-01    -7.3163E-01    -1.7362E+00    -3.8369E+00    -1.0475E+00    -2.0114E+00
    -3.7848E-02    +6.6356E-01    +1.3060E+00    -2.0480E-01    -2.8777E+00    +6.4539E+00
    +1.1309E-01    -7.4359E-01    -3.1057E+00    +2.3662E+00    +1.1512E+00    +2.1080E+00
    -6.0385E-01    -7.9539E-01    +1.3506E+00    +3.2083E-01    +1.9928E+00    +2.5604E+00
    -1.9073E-01    -4.8283E-02    -3.3026E+00    -1.0683E+00    -1.4173E+00    -1.6749E+00
    -8.6271E-01    +8.0078E-01    -2.0224E-01    +1.8234E+00    +7.1837E-01    -8.8083E-01
    +1.2545E+00    -6.3887E-01    -6.2693E-01    +2.5836E+00    -1.2554E+00    +6.7559E-02
    +3.6348E-01    +1.2969E-01    +4.6570E-01    +8.4184E-01    +7.3573E-01    -1.0887E+00
    -8.5132E-01    +8.1304E-02    +1.0906E+00    -1.1291E+00    -7.4032E-01    +1.3545E-01
    -1.8003E-01    +4.0279E-02    +1.3430E+00    -6.5395E-03    -6.6938E-01    -4.7935E-01
    +1.8611E-01    +4.6149E-02    +7.5389E-01    +3.8929E+00    +4.8867E-01    -1.8018E-01
    +4.2969E-01    +3.6386E-01    +7.5009E-01    +7.2973E-01    +1.8176E-01    +1.5601E+00
    -2.5802E-01    -2.9179E-01    -1.0448E+00    +5.7320E-01    +1.5740E+00    -9.2240E-01
    +6.5847E-01    -3.9115E-01    -6.3253E-01    +6.1014E-01    +6.0916E-01    +6.4495E-01
    +3.9287E-01    -4.5029E-01    +4.5754E-01    -9.9029E-01    -1.2314E+00    +4.6519E-01
    +2.2991E-01    -2.1746E-01    -3.0207E-01    -1.3381E+00    +7.6338E-02    -1.6017E+00
    -3.7724E-01    +2.1897E-01    -2.1019E+00    +8.7987E-01    -3.6958E+00    -2.6673E-01
    +4.1079E-01    -2.1020E-01    +4.4027E-01    -6.5235E-01    +1.2405E-01    +4.0914E-01
    +1.0796E-01    -3.7120E-01    +1.6511E+00    -4.9226E-01    +3.6959E-01    -1.1694E+00
    -3.6028E-01    +2.6430E-01    -7.3768E-01    +9.0145E-01    -1.0292E-01    +2.2549E+00
    -6.0153E-01    -1.1574E-01    +1.3514E+00    +1.2180E+00    -4.7357E-01    -1.2441E+00
    -1.1752E-01    -4.5908E-01    +8.9291E-02    -1.3198E+00    +1.3892E+00    -6.7649E-02
    +8.8117E-01    -1.7612E-01    -1.5359E+00    +1.1229E+00    +9.7928E-01    +1.1584E+00
    -4.5125E-01    -1.6731E-01    -9.3402E-01    -7.2112E-01    -7.1320E-01    +3.0796E+00
    -1.0447E+00    -1.9865E-01    +8.4836E-01    +3.8867E-01    -2.1064E+00    -2.8653E-01
    -9.0063E-01    +3.6982E-01    -7.6761E-01    +2.2349E+00    -4.6615E-01    -8.5106E-01
    -4.5332E-01    +2.1133E-01    -1.6461E+00    +2.3578E-01    +2.7707E-01    -2.2096E+00
    +1.1890E-01    -8.2611E-03    -4.1168E-01    -1.2274E-01    +2.4470E+00    +4.4806E-01
    +5.1751E-01    -1.9240E-02    +3.2319E-01    +6.8820E-01    +1.4809E+00    -9.0608E-01
    -3.6294E-01    -5.0775E-01    -2.0983E+00    +5.8106E-03    -2.4437E+00    +6.5816E-01
    -5.1065E-01    -3.1407E-01    -5.7591E-01    -1.3806E-01    -2.7003E-01    +4.7048E-01
    +4.2804E-01    -4.1173E-01    -4.8094E-01    +8.4035E-01    +2.9225E+00    -4.3874E-01
    -3.7561E-01    +8.3977E-01    +6.5857E-01    +2.9652E+00    -1.8447E-01    +5.8342E+00
    -9.0791E-01    +3.8784E-04    +1.0652E+00    -9.2082E-02    -1.7946E+00    -3.9687E+00
    -8.8339E-02    +3.4034E-01    -2.4635E-01    -1.7288E+00    -1.9249E+00    +3.4047E-01
    +4.8153E-01    -2.2942E-01    +1.4664E+00    +1.7671E-01    -2.4928E+00    -8.4443E-01
    -7.0741E-01    -1.0007E-02    -8.7531E-01    -8.4407E-01    +5.3667E-01    -7.0728E-01
    +3.3913E-01    -4.5090E-01    -1.4256E-01    -1.8106E+00    -6.7154E-01    +1.7139E+00
    +7.5912E-01    -7.5683E-01    +4.9498E-01    +2.1256E+00    -1.5145E+00    +5.3837E-01
    -3.1775E-01    -3.7490E-01    +1.6056E+00    -2.5242E+00    +6.5575E-02    +2.3793E-01
    -5.5741E-01    -1.8487E-01    +8.3321E-01    +5.1961E-01    -5.2190E-01    -2.5838E-01
    -2.8686E-01    -7.6552E-01    +9.3971E-01    -3.0269E-02    +4.2871E-01    -5.6878E-01
    +4.4222E-01    -1.4055E-01    -1.5902E+00    -1.5624E+00    -2.9849E-02    +1.1190E+00
    -4.1769E-02    +8.2267E-02    +7.8266E-01    -8.1102E-01    -3.2469E-01    -2.1621E+00
    -5.7740E-02    -1.4145E-01    +3.7238E+00    -3.0793E+00    +2.5088E-02    +1.7618E-01
    +6.5333E-01    -4.3396E-01    +3.3017E+00    +2.9520E-01    +1.3307E+00    -5.2127E-01
    +8.0931E-01    -3.0540E-03    -1.9965E+00    +1.9654E+00    +2.1546E-01    -9.0202E-01
    -8.6743E-01    -1.4568E-01    +2.7730E-01    -2.1814E+00    -3.2644E+00    +1.8759E+00
    +8.4644E-01    -4.0181E-01    +2.3070E+00    -2.6459E+00    -8.9630E-01    +3.5752E+00
    -7.2614E-02    +8.5147E-01    +3.3543E-01    +4.5307E-02    -1.5733E+00    +6.4923E-01
    +9.5511E-02    +5.3597E-01    +1.0740E+00    +1.1186E+00    +7.2853E-02    -7.9758E-01
    -3.8192E-01    -5.0729E-01    -2.0540E-01    +1.0473E+00    +2.2138E+00    -8.8093E-01
    -5.0719E-01    -2.4980E-01    +1.6460E+00    -6.5965E-01    +2.0185E+00    -4.6841E-01
    -7.3756E-01    +1.6961E-01    +2.6664E+00    -1.5085E+00    +4.7585E-01    +6.4921E-02
    +7.9214E-01    -1.8808E-01    -1.5801E+00    -5.8058E-01    +3.0579E-01    -1.2380E+00
    -5.5826E-01    +2.7102E-02    +1.9885E+00    -4.5735E-01    -5.2064E-01    -1.3323E+00
    +1.9198E-01    -4.5036E-01    -2.5887E-01    +3.4770E+00    +1.9311E-02    +1.2038E+00
    -7.0212E-01    +1.5560E-01    -1.3238E-01    -5.7062E-01    -4.9563E+00    +1.1000E+00
    -1.4072E-01    +1.2059E-02    -3.0166E+00    -1.5596E+00    -7.5899E-01    +3.3151E-01
    +1.0531E-01    -4.6686E-01    -1.7688E+00    +1.5159E-01    +1.8926E-01    +2.9545E-02
    -3.4088E-01    -4.8668E-01    +1.2351E+00    +1.9753E+00    +2.0312E+00    -3.3443E-01
    +1.3493E+00    -3.9716E-01    -1.3155E+00    +1.5010E+00    +4.3097E-02    -5.6117E-01
    -4.2104E-02    +6.2515E-01    -6.6008E-01    +5.3080E-01    +1.3534E+00    -2.7524E-01
    +4.9162E-01    -3.9280E-01    +8.6655E-01    -1.2066E-01    +9.4269E-01    -2.9550E+00
    -6.8569E-01    +2.5568E-01    -2.7156E+00    +8.6928E-01    -1.4937E-01    -1.1338E+00
    +4.3443E-02    +1.2610E-01    -1.0421E-01    -1.9507E+00    +2.2057E-01    -1.6999E+00
    +7.2634E-01    +2.8725E-01    +2.3820E+00    -5.1403E-01    +2.6465E-01    +1.9163E+00
    -5.6439E-01    -4.7549E-01    +1.6183E-01    +8.1962E-01    +1.2282E+00    +4.3071E-01
    -7.5764E-01    +6.2479E-01    -3.7575E-01    +4.3400E+00    -4.3308E+00    -8.1989E-01
    -3.9500E-01    -7.1530E-01    +1.2518E+00    -1.5907E+00    +2.3586E+00    -4.7980E-01
    -1.2318E+00    +9.8447E-02    +2.3813E-01    -3.6244E-01    +1.4009E+00    -3.1699E+00
    -5.6215E-01    -8.0673E-02    -1.6711E-01    -4.2375E+00    -2.4057E-01    +1.1227E-02
    +1.8914E-01    +1.0165E-01    -1.8194E+00    -1.2506E-01    +2.6476E-01    +1.5273E+00
    -2.7446E-01    +1.5476E-01    -1.3717E+00    -1.7678E+00    +4.1345E-01    -3.8298E-01
    -1.3223E-03    -1.6250E-01    -1.9768E+00    +1.6814E+00    +1.3737E+00    +5.5914E-01
    +2.3926E-01    +3.6621E-01    -2.8057E+00    +8.0686E-01    +1.6930E+00    -4.8214E-01
    -6.4496E-01    -2.6309E-01    -1.7351E-01    -3.4007E+00    +8.5839E-01    -3.3059E+00
    +7.2891E-02    -2.0811E-01    +9.9663E-01    -1.5650E+00    -4.4416E-01    +2.0501E+00
    +4.4304E-01    +6.9367E-03    -7.6317E-01    +2.8383E+00    +2.1802E-01    -5.8589E-01
    -3.0146E-01    -1.4397E-01    +3.1215E-01    -4.0781E-01    +1.4926E+00    -2.5061E-01
    -9.7848E-01    -2.7695E-01    -7.5480E-01    +1.5798E-01    +8.9868E-01    +1.9484E+00
    -2.4454E-01    +3.6684E-01    +1.2665E+00    +1.8217E+00    +1.8088E+00    -2.0482E+00
    -1.3005E+00    +1.3074E-01    -3.0547E-02    +2.1979E+00    -3.6101E-01    +7.1025E+00
    +9.5878E-01    +2.9114E-01    +1.7410E+00    -4.2637E-01    -4.2012E-01    -1.2762E+00
    -6.5637E-01    -3.4108E-01    +3.6676E+00    -1.1112E+00    -2.1799E+00    -7.3799E-02
    +4.3673E-01    +6.6097E-01    +6.6145E-01    +2.0392E-01    -4.6806E-01    +7.6670E-01
    -1.2055E+00    -4.3033E-01    +1.7223E+00    -5.7160E-01    +1.4822E+00    +5.3955E-01
    -8.9734E-02    -6.0115E-01    -2.8276E+00    -2.8664E+00    +5.4210E-01    +8.0427E-01
    +9.8443E-01    -1.1564E-02    -1.2346E-01    +6.5398E-01    -1.6993E-01    +7.5856E-01
    +7.3200E-01    +2.9641E-01    +1.7449E+00    -8.7245E-01    +4.1510E+00    +1.9883E+00
    +3.1557E-02    +2.6647E-03    +2.7361E+00    +4.2550E-01    +2.3550E+00    +2.7082E+00
    -6.7560E-01    +7.7815E-01    -3.2471E+00    +4.7961E-01    -5.0621E-01    -1.8274E+00
    -8.5727E-01    +7.2239E-01    +1.1818E+00    +1.0039E+00    -9.0547E-01    +5.9990E+00
    +2.0924E-01    -5.7347E-01    +1.1005E+00    +2.6349E-01    +9.5932E-01    -3.1527E-01
    -3.6759E-01    -5.7299E-01    +1.8196E+00    -9.0004E-01    -2.3969E+00    +6.7548E-01
    -5.9869E-01    -1.1850E-01    +3.8633E-01    -2.5302E+00    +8.7717E-01    -1.0974E+00
    -1.2650E-01    -5.1904E-01    -1.8148E+00    -1.2784E+00    +3.4332E-02    -8.5145E-01
    +1.0568E-01    +3.4445E-01    +1.9694E-01    -6.8287E-01    -1.5188E+00    +7.9169E-01
    +4.9076E-01    -5.1665E-01    +1.6302E+00    +1.0594E+00    -1.0170E+00    -4.5099E-01
    -3.6757E-01    +8.8469E-02    -1.6150E-01    +1.1963E+00    -1.1422E+00    +8.0494E-02
    -8.9431E-01    -3.9976E-01    +1.4765E+00    -1.2152E+00    +1.1448E-01    +2.1558E-01
    -2.4739E-01    -2.3857E-01    -1.0560E+00    -2.6175E+00    +1.2142E-01    +1.3608E+00
    -5.2982E-01    +1.6812E-01    -2.3792E-01    -1.3434E+00    -6.6391E-01    +7.5078E-01
    -6.9642E-01    -5.9313E-01    +6.6961E-01    +1.8117E-01    -1.5916E+00    -9.1720E-02
    -7.7405E-02    -5.3476E-01    +1.0069E+00    +5.8876E-01    +3.5386E-01    -4.1771E-01
    +7.6920E-02    +7.9436E-01    -1.0721E+00    +8.7494E-02    -2.4340E+00    +1.5489E-01
    +1.2943E-02    -4.6294E-02    -3.1341E-01    -7.3364E-01    -4.2247E-01    +3.6411E+00
    +1.7053E-02    -6.4766E-01    +6.6252E-01    +4.6247E-01    +3.5979E-01    +8.9874E-01
    -7.2734E-01    -9.6001E-02    +2.2321E-01    -6.3758E-01    -1.0701E-01    -7.8164E+00
    -2.8636E-02    +5.5238E-02    -5.2414E-01    +2.6335E-01    -5.3122E-01    -1.8518E+00
    -2.6561E-01    -4.6648E-01    -1.9555E+00    +2.2988E+00    +4.8794E-02    +1.0845E+00
    -1.7072E-02    +5.5403E-02    -9.7773E-01    +8.6766E-01    -2.6248E+00    +5.9506E-01
    -2.0538E-01    +5.4034E-01    +7.2899E-02    +3.6207E-01    +1.3071E+00    -1.6480E+00
    -1.1425E+00    +2.3434E-01    -7.3709E-01    -4.1079E-01    -2.4819E+00    -7.7513E-02
    +9.4519E-01    -3.5644E-01    -1.5716E+00    +1.2893E+00    +1.2062E+00    -3.6080E+00
    -3.5056E-01    +4.0892E-01    +8.4192E-01    +3.0668E+00    +2.0028E-01    +8.4680E-01
    -8.2568E-01    -8.0377E-02    +2.6196E+00    +1.8756E+00    +5.7021E-01    +1.1328E+00
    +8.0408E-01    -5.6669E-01    -3.5075E-01    +2.4372E-01    -2.3329E-01    +6.4430E-02
    -2.5069E-01    -2.6556E-01    -1.2035E+00    -5.9886E-01    +9.4201E-02    -2.4329E+00
    +5.3960E-01    +1.9117E-01    -6.9117E-01    -1.3313E+00    +1.1165E+00    -5.2456E-01
    +1.2291E-01    +5.4192E-01    -2.3307E+00    -4.3452E-01    +4.3131E-01    -1.8873E-01
    -8.3955E-02    +4.2341E-01    -1.7017E+00    -8.4400E-01    -9.9601E-01    +3.7201E-01
    +5.3254E-01    +2.0013E-01    -2.9099E-01    -2.7975E-01    +1.2612E+00    +2.8700E-01
    +4.7862E-01    -2.6746E-02    +1.0911E+00    +2.0748E-01    +6.8862E-01    -4.4741E+00
    -5.7715E-01    -6.0118E-01    -3.7986E-01    -1.4923E+00    +5.3186E-02    +7.1690E-01
    +2.4437E-01    +2.2519E-01    +2.1399E+00    -1.5774E+00    +2.2662E-01    +3.1915E-02
    +3.8523E-01    -3.8268E-01    +3.1390E-01    -7.0874E-01    -8.8389E-02    -9.2406E-01
    -4.1840E-01    -2.8242E-02    -5.7975E-01    -1.0044E+00    -1.0181E-01    -8.8336E-02
    +2.5019E-01    +1.2919E-01    -9.9172E-01    -1.5714E-02    +9.4522E-01    -1.3470E+00
    +4.1189E-01    -4.0754E-02    +1.4600E+00    -1.3556E-02    +5.5016E-02    +3.1693E-02
    +6.1356E-01    +4.6879E-03    -3.4132E-01    +2.1209E+00    +3.3967E-01    -2.5043E-01
    -5.9218E-01    -4.6341E-01    +8.0987E-01    +1.6248E+00    +1.0467E+00    +8.1378E-01
    +4.9876E-02    -9.3550E-02    -2.3778E+00    -2.4553E-01    -9.0985E-01    -1.7809E+00
    -4.8051E-02    +2.7404E-01    +6.1137E-02    +2.0297E+00    -6.0573E-01    +1.0009E+00
    +2.6596E-02    +8.3713E-02    -3.0864E+00    -1.4720E+00    -8.7746E-02    -1.6371E+00
    +1.2733E-01    -6.2503E-01    -3.3740E+00    +3.1867E-01    +3.4191E-01    -6.6579E-01
    -4.5257E-01    +1.4998E-01    -1.2673E+00    -2.7173E-01    -3.0810E-01    +1.3666E+00
    -1.0530E+00    +4.9546E-01    -1.3628E-01    +3.1441E+00    +6.7094E-01    +6.3181E-01
    -2.1879E-01    -8.7144E-01    -1.1542E+00    +2.4640E+00    +1.0134E+00    +8.7904E-02
    +4.8711E-01    +2.4138E-01    -4.4471E-01    -1.6681E+00    -2.2328E+00    -2.6862E-01
    -2.0151E-01    -3.2150E-01    -1.1621E+00    -3.3641E-01    -4.2451E+00    +1.4590E-01
    +4.1508E-02    -3.5738E-01    +6.6019E-01    -1.2969E+00    +1.1320E-01    -1.6947E-01
    -1.9391E-01    +6.7721E-01    +2.5425E+00    +1.0586E-01    -1.8121E-01    +3.0700E+00
    -3.8354E-01    +3.4998E-01    +1.4071E+00    +8.3548E-01    -1.1018E+00    -3.4950E+00
    -4.8294E-01    -8.6310E-01    -3.2844E+00    -3.2987E+00    +4.9691E-01    -4.6225E-01
    +6.0134E-01    +2.2366E-01    -1.5941E+00    -1.9642E+00    +3.0491E-01    -3.6246E-01
    -9.8570E-01    +6.9167E-02    +2.3091E+00    +9.7901E-01    +8.4509E-02    +3.6033E+00
    +1.2806E+00    +3.6715E-01    +1.7627E+00    +2.1129E+00    +4.0808E-01    +1.3451E+00
    -4.1434E-01    -6.4404E-02    +8.8377E-01    +4.3856E-01    -1.0337E+00    +3.4127E-01
    -8.5780E-02    -1.9714E-01    -3.3538E-01    +8.7157E-01    -6.8380E-02    -2.6160E-01
    -1.7268E-01    -1.9831E-01    +1.0674E+00    -6.6655E-01    +1.8356E-01    +1.8725E+00
    +1.5990E-01    +7.9498E-01    -2.5755E-01    +1.8150E+00    -4.1601E-01    +1.3071E+00
    -1.6329E-01    +1.8865E-01    -3.4202E-01    +1.0804E+00    +1.2964E-01    +1.3032E+00
    +6.2106E-01    +9.5141E-02    -7.3735E-01    +4.1293E-01    -9.8390E-01    -1.3357E-02
    -3.5963E-01    -4.7008E-01    -1.3119E-02    -1.4173E+00    +6.6947E-02    +1.4000E+00
    +3.5412E-02    +1.1436E-02    -8.8498E-01    +1.2770E+00    -2.7766E-01    +2.0156E+00
    +4.7819E-02    -8.3386E-01    -4.6504E-01    +1.6458E+00    +6.6422E-03    -6.4230E-01
    +5.8057E-01    -2.1618E-01    +1.5897E+00    +1.0983E+00    +1.6170E+00    -8.4596E-01
    -7.3458E-01    -8.3322E-02    -2.9335E-01    +1.8001E+00    +2.7700E+00    +1.7368E-01
    +1.4448E-01    +4.2833E-01    +5.7113E-01    -7.8203E-01    -2.7066E+00    +1.1652E+00
    -3.6772E-01    +5.9832E-01    -3.2659E+00    +1.0666E+00    +1.8779E+00    +3.5962E-01
    +2.4391E-01    +5.8464E-01    +6.2520E-01    -9.7241E-01    +1.3801E+00    +1.1867E-01
    +6.0019E-02    -2.8622E-01    -1.6022E+00    +1.2458E+00    -1.2955E+00    -2.4922E+00
    -5.8614E-02    +2.6432E-01    +8.1786E-01    -2.8897E+00    +3.0440E+00    +9.8169E-01
    +3.3689E-01    -3.1202E-01    +3.0515E-02    +9.2661E-01    +1.1020E+00    -9.5540E-01
    -9.9977E-01    -1.2673E-02    +1.5950E+00    -4.0632E-02    -7.1153E-01    -1.1909E+00
    -2.6832E-01    +6.9426E-01    +4.0272E-01    -2.0088E+00    +1.7635E+00    +1.2599E+00
    +2.3953E-01    -6.7969E-01    -2.1174E+00    +1.4053E+00    +8.2332E-01    +6.1839E-01
    +1.3096E-01    +1.3989E-01    -2.6937E-01    -7.6645E-01    +1.1278E-01    +7.8675E-01
    -9.5530E-01    -1.9413E-01    +1.8297E+00    +2.9095E+00    +4.9465E-01    +1.5959E+00
    -1.4252E+00    -2.1800E-01    +3.3961E+00    -1.1013E+00    +1.8043E+00    -9.8007E-01
    +2.2206E-01    +2.4414E-01    -2.3648E+00    +1.8947E+00    -1.6328E+00    -3.0435E+00
    -5.9419E-01    +4.5230E-01    +1.5874E-01    +1.7730E+00    +1.4447E+00    -3.0511E-01
    +1.1363E-02    +1.8911E-01    -8.4425E-01    -1.0972E+00    +3.1876E+00    -1.3094E+00
    -8.3282E-01    +6.6968E-02    +2.1203E+00    +4.3095E+00    -3.2445E+00    -1.9134E-02
    +6.0264E-01    +1.9351E-01    +3.2622E+00    +2.6318E+00    -1.8971E+00    +1.4466E+00
    +4.8022E-01    -2.2984E-01    -8.1821E-01    -2.4254E-01    -5.4704E-01    +1.0974E+00
    +1.3163E-01    +1.6878E-01    +2.6783E-01    -1.1108E+00    -1.8971E-01    +2.9010E-01
    -2.8240E-01    -4.4903E-01    -3.7577E+00    -1.9141E+00    +1.1128E+00    -9.8675E-01
    -3.9311E-01    +2.4057E-01    -1.0806E+00    +2.5100E+00    -1.2829E-01    +5.5430E-01
    +2.0794E-01    -3.0672E-01    -1.0567E+00    -1.5470E+00    +3.1991E+00    -3.2879E-01
    +2.0329E-01    -5.7202E-01    +7.2894E-01    +3.6539E+00    -9.7279E-01    +1.4162E+00
    -1.9873E-01    -3.6647E-01    +1.8153E+00    -2.2378E-01    +9.7787E-01    -8.8434E-02
    +1.2431E+00    -6.6955E-01    -5.0646E-01    +1.5940E+00    +2.6259E-01    -1.2830E+00
    -6.1824E-01    -4.2689E-01    +2.5864E+00    +2.1987E+00    -8.6828E-02    +4.5471E-01
    -5.5812E-01    +4.3329E-01    -4.2106E-01    -2.0445E+00    +6.5548E-01    +9.6685E-03
    -5.3299E-01    +6.2300E-01    -9.0367E-01    +1.3202E-01    +4.9700E-01    +1.6441E+00
    -1.7962E-01    +5.3530E-02    +3.1325E+00    +7.4958E-01    -5.6407E+00    -2.8948E-01
    +3.8160E-01    +2.2470E-01    -1.6767E+00    -6.8164E-01    +1.6907E-01    -2.7228E-02
    +5.6562E-02    +5.5299E-02    +9.7178E-01    -3.3827E+00    +9.7554E-03    -6.3533E-01
    +3.7092E-01    +8.9033E-01    +4.6470E-01    -1.4105E+00    -4.7958E+00    +1.9289E-02
    -7.8924E-01    +2.1242E-01    -8.1730E-01    +2.3283E+00    -9.1491E-01    -8.6641E-01
    -1.0841E+00    -9.0463E-01    -6.5250E-01    -3.2683E+00    -8.6474E-01    -1.6871E-01
    +3.7822E-01    +7.9814E-01    -4.3461E-01    -2.7881E+00    +1.8292E+00    -2.4790E-01
    -9.1014E-01    +2.3061E-01    -1.0524E+00    +6.0040E-01    +3.4545E+00    +2.4032E-01
    -1.7648E-01    +1.5804E-01    +2.4296E-01    +6.8435E-02    +1.7437E+00    +2.3004E+00
    -3.1258E-01    +4.9873E-01    -1.9268E-01    -7.7708E-03    +5.8893E-02    -3.0555E+00
    +4.2640E-02    +6.9294E-01    -5.7868E-01    -6.8547E-01    -1.6458E+00    +1.0321E+00
    +2.0931E-01    -8.1258E-01    -3.0281E+00    +4.5562E-01    +1.2769E+00    +1.7696E-01
    +1.2812E-01    +3.8224E-01    +5.4071E-01    +1.3749E+00    -1.3097E+00    -3.7049E-01
    -2.8351E-01    +2.8439E-01    -3.7521E-01    -1.0092E+00    -1.4647E+00    +2.6450E-01
    -2.0558E-01    -1.7302E-02    -4.5166E-01    +2.3303E+00    -7.5102E-01    -1.5589E+00
    -8.2752E-01    +5.8493E-01    +6.6295E-01    -4.1892E-01    +8.1197E-01    +2.3378E-01
    +3.5056E-01    +6.0496E-01    +1.4020E+00    +7.6257E-03    -1.1327E+00    +1.2575E-01
    -2.3774E-02    -2.6062E-01    -3.8498E-01    +6.4759E-01    -1.5799E+00    -4.5763E-01
    +4.4068E-01    -7.9104E-01    -1.8650E-01    -1.5209E+00    -6.6953E-01    -9.1545E-01
    +3.0488E-01    +4.2440E-01    +1.7169E+00    +1.4428E+00    -2.2518E+00    +2.3115E+00
    +1.2593E+00    +4.8414E-01    -6.5565E-01    +8.2778E-01    +2.4425E-01    +2.6158E+00
    +1.1204E+00    +6.2973E-02    -6.8881E-01    +3.4477E-01    -6.7907E-02    -2.3685E+00
    -3.1352E-01    -3.2651E-01    -2.3201E-01    -1.6429E+00    -4.8819E-01    -2.3511E+00
