    +1.4118E-01    +2.5502E-02    -2.1376E+00    -8.3960E-01    +3.4858E-01    -5.6220E-01
    -7.9154E-01    +2.5445E-02    +2.2905E-01    -2.1333E+00    +8.0895E-02    +1.3571E-02
    +4.2274E-01    +1.0181E+00    -1.4079E+00    +1.0897E-01    +1.9924E-01    +1.7981E-01
    +2.0876E-01    -2.8876E-01    -1.3729E+00    +8.4631E-01    -5.7357E-01    +8.1929E-02
    +1.1912E+00    +3.8351E-01    +1.3852E-01    +1.8296E+00    +7.4404E-02    +1.7519E+00
    +2.4345E-01    +3.1563E-01    -2.0697E+00    -9.2436E-01    -7.2203E-01    +1.9070E+00
    -7.4921E-01    -3.2138E-01    -6.4367E-01    +4.7369E-01    +1.4810E+00    +6.2304E-01
    +2.6594E-01    +7.3021E-01    -2.3488E+00    -2.7056E+00    +2.5855E-01    -1.3944E+00
    -9.4815E-01    -1.0081E-01    +7.9675E-01    +1.1905E+00    -1.8121E+00    -8.4591E-01
    -1.1315E+00    -3.8624E-01    +1.3286E+00    +1.5568E-01    +3.5315E+00    -4.1550E+00
    -4.6075E-01    -8.6439E-02    -2.2249E+00    -5.2116E-01    -2.9285E+00    +2.7215E-01
    +2.1381E-01    -8.2526E-01    +7.6019E-01    -8.4045E-01    +8.7728E-01    +4.4305E-01
    -1.9044E-01    -3.0613E-01    -2.3291E+00    +6.8970E-01    -1.4899E+00    -1.3409E+00
    -7.3310E-02    +1.5538E-01    +3.8878E+00    +2.1360E+00    +8.6012E-02    +6.4049E-01
    -8.9304E-01    +4.4777E-01    +2.9711E+00    +3.4566E+00    +5.9505E-01    +5.7817E-01
    +9.2566E-03    -3.5256E-01    +8.9031E-01    +5.5669E-01    +2.1053E+00    +8.9844E-01
    +7.4018E-01    +7.0362E-01    +1.3423E-01    +4.0651E+00    -1.2123E+00    -1.4797E+00
    -2.5785E-02    -9.0697E-02    -1.4440E+00    +1.0961E+00    +1.2251E+00    -1.1527E+00
    -4.9005E-01    -5.3988E-01    +2.4389E+00    +8.8554E-02    -2.0428E+00    +6.6472E-01
    -4.1697E-01    +1.3256E+00    +1.6259E+00    -2.4324E+00    +3.3318E-01    -5.6448E-01
    +7.1593E-01    +4.7676E-01    -1.6334E+00    -1.0831E+00    +1.0859E+00    -1.5178E+00
    -5.9498E-01    +5.1244E-01    +2.4594E+00    +1.2521E+00    -8.8594E-01    +1.6952E+00
    -2.3812E-01    -4.6131E-01    +2.2551E+00    -1.3074E+00    -8.1726E-01    +1.3866E+00
    -7.6829E-01    -6.3595E-03    +2.2364E-01    -3.3237E+00    -3.1280E+00    +3.7306E+00
    -6.9825E-01    -2.0784E-01    -2.7186E-01    +3.4584E+00    +9.8858E-01    -4.3910E-01
    -7.3319E-01    -5.6366E-01    -2.4557E-01    +1.8566E+00    +3.6759E-01    +1.6585E+00
    -4.4889E-01    -6.5372E-02    -4.6855E-02    +7.8791E-01    -2.4062E-01    +9.9968E-01
    -3.4662E-01    +4.5034E-01    +1.6027E+00    -1.2017E+00    -4.5485E-02    -4.5286E-01
    -3.5881E-01    +1.1946E-02    -2.2116E+00    +5.2385E-01    -3.3858E+00    +6.9686E-01
    -4.7320E-01    +8.1178E-01    -3.0692E-02    +5.5438E-01    +1.4438E-02    +8.5105E-01
    +7.4315E-01    -1.2222E-01    +2.6478E+00    +1.0609E-01    -6.2417E-01    +5.4307E-01
    +1.3610E-02    +1.1399E+00    -1.5858E+00    -1.7179E+00    +1.7255E+00    -7.6632E-01
    -5.3511E-01    +3.0702E-02    -1.3538E+00    -2.2563E+00    -2.7004E+00    -2.2767E+00
    -5.6289E-01    -1.1868E-01    +9.9623E-01    +1.6406E+00    -9.3264E-02    -2.4881E+00
    -1.2748E-01    -5.2382E-01    +1.3109E+00    -2.6591E-01    +8.2548E-01    +8.4129E-01
    +3.8496E-01    -2.5430E-01    +1.0922E+00    -7.6523E-01    -2.7927E+00    -3.4072E+00
    +6.5900E-01    -6.1657E-01    -1.4113E+00    -4.2970E-01    +2.4208E+00    +5.2501E-01
    -4.5460E-01    -2.6800E-01    +4.6672E-01    -3.1277E+00    +1.2739E+00    -7.6111E-01
    +2.8909E-01    +3.0016E-01    +1.6348E+00    +4.5345E-01    +6.0021E-01    -2.7076E+00
    -4.3628E-01    +5.3421E-02    -1.0024E+00    +2.6913E-01    +2.8306E+00    -3.4552E+00
    +3.7915E-01    +2.6439E-01    -9.6888E-01    -2.1756E+00    +5.7009E-01    +3.0149E-02
    +2.0160E-02    +6.4745E-01    +1.0450E-01    +1.1750E+00    +3.6986E-01    -2.6116E-01
    +3.6984E-01    -9.8474E-01    -9.6701E-01    -6.5685E-01    -2.4841E+00    +3.1576E+00
    +1.5820E-02    -1.1590E-01    +1.9338E+00    +7.0952E-01    -1.4908E-01    -5.0343E-01
    -7.0975E-02    +5.3246E-01    +5.4231E-01    +2.6310E+00    -4.3012E-01    +5.4039E-01
    +4.8840E-02    -2.2251E-01    -3.6619E-01    +3.2508E-01    +1.6364E+00    -7.4318E-01
    +2.5045E-01    -1.4660E-01    -8.6319E-01    +1.4796E+00    +1.6683E+00    +2.9438E+00
    +4.6220E-02    +1.1138E-01    -6.4690E-01    +7.2428E-01    -2.8663E-01    -1.0999E+00
    +1.1339E+00    +7.2130E-01    +1.3729E+00    -4.7958E-01    +3.5022E+00    -6.9779E-01
    +3.9955E-02    -6.7873E-01    -6.8921E-01    +2.2741E+00    +1.8808E+00    +1.4790E+00
    -3.3808E-01    +4.2669E-01    -1.5685E+00    -4.5234E-01    -2.8910E+00    -4.1041E+00
    -1.3425E-01    +6.6665E-01    +1.2023E+00    +1.2592E+00    +6.7883E-01    -1.2977E+00
    +3.1452E-01    +5.9670E-01    -1.2866E+00    +1.6659E+00    -2.4938E-02    +4.3815E-02
    +6.3756E-01    -8.2796E-01    -1.3339E+00    -1.8517E+00    -1.1472E+00    +2.5650E+00
    -1.8575E-01    -1.1869E-01    -3.1581E+00    +8.7924E-01    +1.0904E+00    +1.3044E+00
    +4.9679E-01    +7.6189E-01    +6.3492E-01    +2.3544E-01    -1.3191E+00    +1.1842E+00
    +1.4806E-01    +7.4719E-01    -1.0685E+00    -1.9202E+00    -4.5574E-01    +4.3512E-01
    -2.9196E-01    +1.4267E-01    -2.4010E+00    +1.3907E-01    +2.5098E+00    +1.8168E+00
    +7.4142E-01    -1.1860E+00    -1.6426E+00    -6.7216E-01    -7.9046E-01    -2.2198E+00
    -1.1155E-01    -9.4946E-02    +2.4169E+00    +1.2283E+00    -8.4081E-01    -1.4013E+00
    +4.4307E-01    -6.0061E-02    +2.7965E-01    +8.3258E-01    +1.0019E+00    -2.9393E-01
    +1.3520E-01    +7.1857E-02    -7.5402E-01    +2.9611E+00    +1.1123E+00    +4.7130E-01
    -3.8292E-01    -1.4730E+00    -5.8713E-01    -6.6859E-01    -2.0741E+00    +3.5980E-02
    -6.2482E-01    +9.9965E-01    +5.8818E-01    +2.2243E-02    +9.8019E-01    -2.4971E+00
    -6.7504E-02    +1.8674E-01    +4.5120E-01    +3.2407E-01    -2.5574E+00    +7.1959E-01
    -3.4396E-01    +5.0256E-02    +8.6577E-01    -1.0863E-03    +2.3838E-01    +3.2020E-02
    -5.5927E-01    -2.2568E-01    -7.8380E-01    -1.6295E+00    -1.8050E+00    -2.9140E+00
    -4.5506E-02    +4.2863E-01    +2.5345E+00    -6.4540E-02    +6.0383E-01    -8.0203E-01
    +8.4696E-01    -3.7914E-01    +5.6102E-01    +2.6606E+00    +3.0437E-02    +1.0125E+00
    -7.1836E-01    -9.3461E-02    -1.6966E+00    +1.8762E+00    +1.0794E+00    +1.2368E+00
    +1.7913E-01    +7.6031E-01    -4.6171E-01    -2.0938E+00    -1.3237E+00    -5.5886E+00
    +1.4290E-01    -2.0549E-01    +7.4110E-01    +1.3975E+00    -1.8892E-02    -8.0089E-01
    -5.4326E-01    -7.7821E-02    -2.8325E+00    -4.0340E-01    +1.0267E+00    -1.5286E+00
    -5.1087E-01    -1.2438E+00    +5.4783E-01    -1.6758E+00    +5.3944E-02    -3.9746E-01
    +3.0521E-01    -6.8586E-01    +4.0843E-01    +1.4234E+00    -1.0106E+00    +4.4040E-01
    +1.2968E-01    +2.0485E-01    +1.2676E+00    -5.2990E-01    -2.1297E-01    +7.0904E-01
    -8.4779E-01    +5.5065E-02    +2.4760E+00    +1.7215E+00    -7.8345E-01    -1.5637E+00
    -1.2416E+00    +8.3872E-02    +1.5971E+00    -1.3077E+00    -5.5174E-01    +1.2465E+00
    +4.1528E-01    -7.0690E-01    +1.9227E+00    +1.0288E+00    +1.6966E+00    -1.4832E+00
    -1.2607E-01    +4.1464E-01    +1.7271E+00    +4.3550E-01    +4.2446E-01    -3.4739E-02
    +1.6804E-01    -1.3318E-01    -1.6733E+00    -4.2592E-01    -1.8297E-01    -3.1500E+00
    -6.8065E-01    +7.7833E-02    -1.2137E+00    -2.3264E-02    +6.1806E-01    -1.7976E+00
    -7.3626E-01    -4.0979E-01    +1.9253E+00    -1.2973E+00    -5.4651E+00    +7.1998E-01
    -3.3550E-01    +2.0311E-01    -5.6620E-01    +1.3179E-01    -8.7209E-01    -1.5572E+00
    -8.5722E-01    -4.4038E-01    -2.1819E+00    -2.5102E+00    -1.1846E+00    +4.9396E-01
    -3.0843E-01    -1.0108E+00    -1.0110E+00    +2.2621E+00    +2.1355E+00    +1.1531E-01
    -2.8737E-01    +9.9578E-01    -5.5605E-01    -1.7188E+00    -6.6123E-02    -8.6758E-01
    +4.2558E-02    -9.7176E-01    -1.7225E+00    -1.4646E+00    +2.2423E+00    +3.0454E+00
    +3.1053E-01    +8.2341E-02    +1.6465E+00    +7.8079E-01    -2.5734E-01    +2.5947E-01
    -1.0317E-01    +5.8301E-01    -2.2729E+00    -1.7826E+00    +4.5192E-01    +2.4164E-01
    -2.7095E-01    +5.7742E-01    -2.1367E+00    +3.4134E-02    -2.6416E+00    -3.0063E-01
    -1.0533E-01    +1.2022E+00    -1.2700E+00    -4.6316E+00    -2.3073E-01    +2.0135E-02
    +4.5488E-01    -5.4725E-01    +1.8178E+00    +1.4650E+00    +3.4773E+00    +1.4272E+00
    +3.6242E-01    -3.3471E-01    -1.9580E+00    +2.1848E+00    +2.3317E+00    -3.0429E+00
    +2.6766E-01    +3.0759E-01    -5.6099E-01    -9.8317E-01    +8.6622E-01    -3.3359E+00
    -1.1789E-01    +6.7051E-01    +4.0695E-01    +1.5726E+00    +6.6720E-01    -2.3383E+00
    +4.8194E-01    +7.8873E-01    +5.6229E-02    +1.9891E-02    -6.4104E-01    -1.3970E+00
    +4.1596E-01    -4.2244E-01    +1.2903E+00    -1.6993E+00    +6.5528E-01    +7.3016E-01
    -1.1213E+00    +2.9517E-01    +1.1695E-01    +9.6654E-01    -2.5425E+00    +2.5743E+00
    +8.3941E-01    -7.3830E-01    +8.6435E-01    -2.5081E+00    +1.1044E+00    +3.9781E-01
    +6.8456E-01    -7.1892E-01    -8.1372E-01    -1.5447E+00    -8.6113E-01    -1.8368E+00
    +3.6251E-02    +7.5805E-01    -1.8230E+00    +3.7112E-01    -2.4339E-01    +3.1104E-01
    +9.9885E-01    -1.4557E-01    +1.5038E+00    -2.3566E+00    +1.0699E-02    -4.0118E-01
    -2.7136E-01    -4.3789E-01    +1.2022E+00    -4.3721E-02    +1.2621E+00    +7.1518E-01
    +7.6242E-01    -1.0830E-01    +1.0421E+00    -2.7252E-01    +1.2226E+00    +7.4037E-01
    -7.3275E-01    +1.3052E-01    -2.8560E+00    +7.0816E-02    +1.7282E-01    +1.4169E+00
    -2.5657E-01    +8.6319E-01    +3.3871E+00    +1.6793E+00    +4.3895E+00    -1.9973E+00
    +4.5010E-01    -2.9423E-01    +1.4310E+00    +2.7007E-01    +6.5685E-01    -3.5295E-01
    -1.6223E-01    -3.2684E-01    -3.3093E-01    +1.5063E+00    -5.9146E-01    +1.3598E+00
    +4.6951E-01    -1.9443E-01    +1.4958E+00    -9.3882E-02    -4.4223E-01    +5.6245E-01
    -4.0551E-01    -9.3087E-01    -9.1977E-01    -1.9548E+00    -9.9386E-01    -4.3300E-01
    -3.4240E-01    -4.1642E-01    +4.1451E-01    -5.7472E-01    -6.9444E-01    +9.3403E-01
    -9.1275E-02    +5.1694E-01    +4.4006E-01    -8.8780E-01    -2.5348E+00    +5.9175E-01
    -9.7656E-01    -2.2212E-01    -2.4086E-01    +1.1795E+00    +1.5476E+00    +1.8545E+00
    -4.6600E-01    -3.6572E-01    -1.4578E+00    +1.1559E+00    -9.0458E-01    +2.8570E+00
    +3.4892E-01    -1.2014E+00    -3.4477E-01    +1.1384E+00    -2.6055E-02    -2.4137E-01
    +1.8564E-01    -2.0106E-01    -8.1485E-01    +2.1205E+00    +5.4322E-01    -6.7612E-01
    -1.2340E-01    +1.4433E+00    +3.9359E-01    +1.1769E+00    -6.2954E-01    -2.8466E-01
    +8.2913E-02    -1.4086E-01    +1.1175E+00    -5.6580E-01    -2.0632E+00    -3.8579E-01
    +1.0561E+00    +2.1141E-01    -2.8506E+00    -3.0161E+00    -3.6756E-02    +3.9076E+00
    +1.1267E+00    +8.5277E-02    +8.3850E-01    +2.0916E-01    -1.1338E+00    -8.5594E-01
    +8.1719E-01    -4.0557E-01    +2.0584E+00    +4.7876E-01    +1.6674E+00    +1.6109E+00
    +8.5635E-01    +8.4620E-01    +8.7824E-01    +2.4807E+00    +7.9401E-01    -1.9752E-01
    -6.4596E-01    +4.7766E-01    -1.6457E+00    -9.9442E-01    -1.7119E+00    +7.1340E-01
    +7.3670E-01    +7.1442E-01    -1.0141E+00    -1.5835E+00    +1.7986E+00    +1.0203E+00
    +2.9465E-01    +1.1522E+00    +8.1587E-01    -1.8034E+00    +9.9955E-01    +1.0168E+00
    -4.6742E-01    -2.4318E-01    -5.0151E-01    -8.2226E-01    -2.6275E+00    -2.6405E+00
    -3.5466E-02    +6.2302E-01    -8.0705E-01    +3.4293E+00    -7.2487E-01    +5.6335E-01
    -3.6342E-01    +9.3341E-01    +1.0288E+00    -3.8540E-01    +6.5726E-01    -4.4700E-01
    -4.6959E-02    -2.7850E-02    -1.4950E-01    +1.9373E+00    +2.7008E+00    -1.5506E+00
    -1.4924E+00    +1.0363E-01    +9.9107E-01    -1.1453E+00    +8.6303E-01    -6.2209E-01
    -2.5009E-01    +3.0398E-01    -1.6142E+00    -9.7973E-01    -1.1380E+00    +1.0080E+00
    -8.5725E-01    +2.6587E-02    -1.0828E+00    -4.0422E+00    +7.8508E-01    +3.1354E+00
    -8.1030E-01    +6.2681E-02    +3.3837E-02    -1.3643E+00    +6.1911E-01    +2.1552E+00
    -2.0136E-01    +1.3172E-01    -1.7284E+00    -2.0466E+00    +2.9375E-01    +2.1450E+00
    -4.9969E-01    -5.7001E-01    -5.1992E-02    +1.8390E+00    +9.7361E-01    -6.2995E-02
    +9.1859E-01    -4.4450E-01    -3.6446E-01    +1.2216E+00    +2.3360E+00    +1.2558E+00
    +1.1883E+00    -2.3075E-02    -1.2970E+00    +2.8014E+00    +5.5817E-01    -2.6873E-01
    +5.1775E-01    +6.0528E-01    -2.3795E+00    +2.3382E+00    -9.0361E-03    +3.4453E-01
    +4.0448E-01    +2.6683E-01    -2.5380E+00    +7.8054E-01    -4.4203E-01    +6.2562E-01
    -6.3303E-01    -2.1191E-01    -1.6833E+00    +2.3295E-01    -1.0872E+00    -3.3108E-01
    -6.2216E-01    +2.0938E-01    +8.4091E-02    -3.6737E-01    -1.8056E+00    +2.7330E+00
    +5.9612E-01    -2.1020E-01    -6.6022E-01    -1.0956E+00    -7.6137E-01    -2.0439E+00
    -6.2614E-01    +4.2754E-01    -2.4694E+00    -8.2293E-01    -6.5372E-01    -1.8070E+00
    +1.9624E-01    -4.1984E-01    +2.4339E-01    +2.2689E+00    -1.5888E+00    +1.9752E-01
    +2.5577E-01    -9.9871E-01    +2.3361E+00    -9.4408E-02    +1.0068E+00    +6.9303E-01
    -1.7248E-01    -2.2070E-01    -4.7477E-01    -7.8732E-01    +1.7117E+00    -1.7821E+00
    -3.2732E-01    +4.1062E-02    +3.5981E-01    +1.1603E+00    -3.6387E-01    +3.7876E-02
    +2.5725E-01    -1.9179E-01    -7.5770E-01    +1.2585E-01    -2.1730E-01    +5.5260E-02
    +2.4591E-01    +3.2854E-01    +2.2210E+00    +1.3248E+00    +1.7366E+00    +1.5774E+00
    -5.9112E-02    +5.3640E-02    -1.1464E+00    +2.1828E+00    -6.0093E-01    +2.8706E+00
    -9.0166E-01    +6.8935E-01    +6.3151E-01    +2.0173E-01    +2.6778E-01    -1.6019E+00
    -3.4718E-01    -9.0546E-01    -3.8260E-01    -1.4817E+00    +8.3726E-01    -2.1674E-01
    -1.4680E-01    +6.5206E-02    +1.5729E+00    -1.2118E+00    +2.6242E-01    +6.7236E-01
    -9.3274E-01    +4.0680E-01    -7.3909E-02    +1.1645E+00    +4.5215E-01    -1.1540E+00
    +1.4501E-01    +2.0421E-01    -6.9515E-01    -6.6995E-01    -2.8238E-01    +9.9151E-01
    -8.6665E-01    +4.6402E-01    +2.8176E+00    +1.2704E+00    +2.9026E-01    -6.4452E-01
    -6.2028E-01    +1.4523E-01    +3.8143E+00    +5.5590E-01    -2.6919E+00    +1.1889E+00
    +3.1719E-01    +3.6167E-01    -2.2495E+00    +5.7048E-01    +5.9733E-01    -2.8042E+00
    +3.0300E-01    +5.6002E-01    -1.0951E+00    +2.3995E+00    -3.2110E-01    +5.1921E-01
    -1.1938E-01    +8.4852E-02    +1.5693E+00    +2.5138E+00    +1.1793E+00    -1.6422E-01
    +5.4499E-02    +8.8209E-01    -1.5386E+00    -1.4184E+00    +3.5526E-03    +5.5299E-02
    -5.0458E-01    +3.4275E-02    +2.4511E+00    +1.5733E+00    -2.2914E-01    +3.0164E+00
    +5.4531E-01    +9.1781E-01    -1.2459E+00    -1.6483E+00    -1.5435E+00    -1.5368E+00
    -7.5060E-01    -8.3686E-02    +5.5459E-01    +1.7212E+00    +8.6815E-01    -5.8659E-01
    +6.6595E-01    -1.0827E+00    +1.0856E+00    -4.4402E-01    -2.2344E+00    -2.6868E+00
    -1.9116E-02    +1.4823E-01    -3.9441E-01    -6.7595E-01    +1.0295E+00    -4.2914E-01
    -4.9653E-01    -1.4105E-01    -9.3475E-01    -1.8888E-01    +5.3229E-01    +1.1400E+00
    -1.2064E+00    -4.5853E-01    +8.7115E-01    +6.6022E-01    +7.1428E-01    +2.6126E+00
    +2.7078E-01    -1.0073E-02    +1.7515E+00    -7.8979E-01    +3.2580E+00    -1.5633E+00
    -4.1880E-01    +5.1800E-01    +2.1811E+00    +1.1828E+00    +3.1688E-01    -3.6801E-01
    +3.4220E-01    +1.1337E+00    -1.1486E-02    +7.8256E-01    -1.4246E+00    +7.7147E-01
    -8.6568E-02    +3.3218E-03    +9.7347E-01    +4.5534E+00    -2.0829E+00    -2.3207E-01
    -1.3325E+00    -9.1433E-02    +1.8582E-01    +7.1961E-01    +4.2797E-01    +7.8416E-01
    +3.2070E-01    +4.3960E-01    -1.5081E+00    -1.8649E+00    -4.8264E-01    -5.3049E-01
    +5.8552E-01    +1.2335E-01    -5.7915E-01    +2.8923E-01    +1.8509E-01    +6.0972E-02
    -1.0356E-01    -2.9475E-02    -4.1337E-01    -1.3424E+00    -6.6145E-02    +2.6117E+00
    +3.1495E-01    -4.1825E-01    +1.3178E+00    +3.5607E+00    -1.3705E+00    -3.5890E-01
    +5.6448E-01    +1.0364E+00    -8.3814E-01    -1.1999E-01    +1.4986E+00    +5.9507E-01
    +1.7917E-01    -1.0458E+00    +3.1361E+00    +2.0715E+00    +2.1015E+00    -2.5569E+00
    -5.2807E-01    +2.9371E-01    -1.5488E+00    +1.7382E+00    +8.6907E-01    +3.2680E+00
    +7.4498E-01    +9.1706E-01    -1.3111E-01    -1.0649E+00    -4.9611E-01    +6.7200E-01
    -7.9603E-02    -5.7787E-01    -1.2458E+00    -1.4700E+00    +1.5096E+00    -1.0602E+00
    -1.7882E-01    +6.6731E-02    +7.6789E-01    -2.2252E+00    +1.6446E+00    -2.0549E+00
    +2.1856E-01    +1.1723E+00    -3.0612E+00    -1.8882E+00    +4.3893E+00    -1.2722E+00
    -5.9196E-01    -4.6621E-01    -1.2564E+00    +2.1814E+00    -8.0215E-01    -1.2488E+00
    -6.3909E-01    -4.2897E-01    +5.1674E-01    -9.6534E-01    -2.6588E+00    -1.0610E+00
    +9.8177E-01    +4.7523E-01    +3.6531E+00    +1.4778E+00    -1.9387E+00    -1.0820E+00
    -9.8218E-02    -6.8662E-02    +3.5166E+00    +2.0033E+00    +4.8019E-01    -1.2987E+00
    -1.1413E+00    +1.1840E-01    +8.3343E-01    -2.4260E+00    -1.3005E-01    +1.6465E-01
    -2.3305E-01    -4.7166E-01    -1.5616E+00    +1.1884E+00    +1.2883E+00    +3.2518E+00
    +5.1556E-01    +3.7690E-01    -1.1182E+00    +9.8582E-01    -9.5788E-01    -5.0794E-01
    +1.2458E-01    -2.7056E-01    +6.7767E-01    -2.7736E-01    -1.3312E-02    -3.6574E-01
    -4.0217E-01    -8.9400E-01    +1.7338E+00    -7.1058E-01    -5.0888E-01    -2.9661E-01
    -7.2251E-01    +1.7239E-01    +2.3216E+00    -2.4198E+00    +4.0675E-01    +1.3985E+00
    -7.5061E-01    +3.2380E-01    -1.1339E-01    -3.4256E-01    +1.0274E+00    +2.5202E+00
    -1.1672E-01    -8.7654E-01    -1.4333E-01    -7.0147E-01    +1.3282E+00    +1.4158E+00
    +1.2117E+00    +1.1337E-01    +2.4377E+00    +9.3357E-01    +2.8077E+00    -2.2486E+00
    -3.7349E-01    -3.5000E-01    -2.3150E+00    -1.7945E+00    -1.3891E+00    +1.5050E+00
    +1.6522E-01    -1.9095E-01    +1.2315E+00    +1.2835E+00    +5.2747E-01    +7.5003E-01
    +2.9613E-01    -4.0390E-01    -8.8802E-01    -1.0815E+00    -5.7842E-01    +1.2415E-01
    +2.3009E-01    +7.9595E-01    +1.4167E+00    +1.1284E+00    +1.3099E+00    +4.8495E-01
    +1.5403E-03    -2.0421E-02    +1.5221E+00    -2.1903E+00    -1.4752E+00    -6.5235E-01
    -9.4853E-01    +9.1284E-01    +2.7897E+00    +5.8906E-01    -1.7534E+00    -3.8960E-01
    -2.6039E-01    +2.7450E-01    -1.3596E+00    -6.3139E-01    +1.6042E+00    +1.3881E+00
    -2.6185E-01    +2.7005E-01    -1.1429E+00    -2.0869E+00    +1.6410E+00    -5.7615E-02
    +5.4091E-01    -1.1609E+00    +1.3600E-01    +1.8142E+00    -1.3488E+00    -1.2408E+00
    +4.0376E-01    -1.6512E-01    -4.1148E-01    +6.3578E-01    -1.2761E+00    +3.9927E+00
    +7.4479E-01    +5.0228E-01    -1.7719E+00    +1.0056E+00    -9.5353E-01    +2.3448E+00
    +3.3449E-01    -1.3628E+00    -1.1384E+00    -1.1469E+00    -1.1337E+00    -1.3970E+00
    +6.3658E-01    -3.5340E-01    -2.7199E+00    +8.9681E-02    +1.3958E+00    -1.7577E-01
    +7.3796E-03    -3.3680E-01    +3.3988E+00    -1.8593E+00    -1.3660E+00    -1.9812E+00
    -8.2404E-01    -5.0427E-01    +2.6246E+00    +9.8550E-01    -6.3462E-01    +7.1285E-01
    -7.0915E-01    -7.5239E-01    -9.2825E-01    +1.9586E+00    -5.1013E-01    +1.3478E+00
    +8.8057E-01    +5.3908E-01    -5.5568E-01    +4.4378E-01    -2.2563E-01    +2.0093E+00
    -1.7271E-01    -2.9912E-02    +1.8506E+00    +2.8865E+00    +1.7678E+00    -1.3064E+00
    +3.6431E-01    -9.7485E-01    -1.8175E+00    +1.7880E+00    +4.1784E-01    -5.0935E-01
    +4.0193E-03    +2.3374E-03    +6.5857E-01    -1.3183E+00    -1.1491E+00    +1.4260E+00
    -3.2784E-01    +2.2679E-01    -9.6034E-01    -2.3884E-01    -1.6176E+00    +4.4430E-01
    +8.3727E-01    +4.1180E-01    +4.2828E+00    +2.0174E+00    -1.7538E+00    +4.0057E-01
    -5.6851E-01    -3.4858E-01    -1.4038E-01    -9.5842E-01    +1.3296E+00    +1.9409E-01
    +2.4370E-01    +9.1095E-02    +8.1444E-01    -8.2381E-01    -1.2095E+00    +9.8190E-01
    +3.4159E-01    +6.7979E-01    +1.3004E-01    -5.0928E-01    -1.2136E+00    +1.9486E-01
    +2.7985E-01    +2.3447E-01    +3.7985E+00    -1.0315E+00    +2.4341E-01    +2.6503E+00
    -7.1652E-01    -2.2013E-01    -4.7944E-01    -2.5137E-01    +1.8386E+00    +2.1521E+00
    -1.2630E-01    +1.3741E-01    -3.4908E-01    -5.8511E-01    +1.2270E+00    -1.1148E+00
    -6.3625E-01    +5.9511E-02    +1.7277E+00    -2.7172E-01    -6.4680E-01    +1.5989E-01
    -9.4863E-01    +2.9907E-01    -9.2925E-01    -2.1393E-01    -1.0036E+00    +2.1754E-01
    -5.6497E-01    -3.7656E-01    -8.9244E-01    -7.8239E-01    +2.1196E-01    -6.6094E-01
    -5.7909E-02    +3.4294E-01    +1.6785E+00    +1.1956E+00    -1.5172E+00    -1.2817E-01
    +1.0762E+00    -1.1451E-01    -1.6714E+00    +3.7990E+00    -5.8768E-01    +5.2377E-01
    -5.0333E-01    -4.0129E-01    +4.2016E-01    +3.3136E-02    -9.2298E-02    -1.7392E-01
    -5.0438E-01    +2.6966E-02    -8.9426E-01    -6.0346E-01    +1.9696E+00    -7.0002E-01
    +8.7520E-01    +8.7791E-01    +2.0751E+00    -8.3409E-01    -6.1292E-01    -4.4173E-02
    +1.1771E+00    -4.1783E-02    +2.9630E-01    +1.0897E+00    +8.5537E-01    +3.9457E+00
    +3.9381E-01    -1.8017E-01    +1.0818E+00    -2.3760E+00    -3.7633E+00    -8.4558E-01
    +1.1711E+00    -5.4806E-01    -9.1795E-01    -1.4217E+00    +1.2736E+00    +5.7565E-01
    +3.0348E-01    -6.4542E-01    +2.2037E+00    +3.4408E+00    -2.0687E+00    +2.5834E+00
    -6.5760E-01    -1.2911E-01    +8.4667E-01    -1.1060E+00    -5.9718E-01    -4.1781E-01
    +1.1002E+00    +1.1558E-01    +1.2960E+00    +1.0340E+00    +1.2436E+00    -5.9421E-01
    +5.9994E-01    +4.2377E-01    -1.7120E+00    -9.8332E-01    -3.8371E-01    -2.8926E-01
    -1.7711E-01    +6.4068E-01    +5.4311E-01    +7.2973E-01    -1.5077E+00    +8.7147E-01
    -2.8761E-01    -1.0577E+00    +3.2550E-01    -6.5411E-01    +7.5107E-01    -2.1673E+00
    +3.5344E-01    -5.3271E-01    +1.1863E+00    -1.6166E+00    -1.0338E+00    +4.9554E-01
    +1.9949E-01    +1.0273E+00    -1.5750E+00    -1.0265E+00    -8.7256E-01    +6.8006E-01
    +1.2624E+00    +3.6521E-02    -2.9212E-01    -1.6438E+00    -1.4599E+00    +1.5916E+00
    +7.3261E-01    -1.2030E+00    +6.6544E-01    +2.8428E-01    +1.2711E+00    -1.7151E+00
    +4.4482E-01    +7.7841E-01    +9.8145E-01    -3.5927E-01    -2.5658E+00    -1.2561E+00
    +4.2952E-01    -9.8106E-01    +1.4870E+00    +1.0703E+00    +1.7138E+00    +3.4074E-01
    +1.9471E-01    -8.1730E-01    -2.4528E+00    -3.1085E+00    -1.0949E-01    -2.1261E-01
    +3.1835E-01    +6.4079E-01    +3.0953E-01    +1.9559E+00    -1.4355E+00    -3.3521E-01
    +4.8514E-01    +5.8104E-01    +3.3642E-01    -3.2739E-01    +2.0614E+00    +2.9743E+00
    +1.0019E+00    +5.8590E-01    -7.1886E-01    -1.4067E+00    +9.9129E-01    -3.4182E+00
    -6.0398E-01    +7.8655E-01    -1.2460E-01    -8.8410E-01    +2.2411E+00    -4.3946E-01
    +3.3446E-01    -2.5223E-01    +1.5660E-01    -2.0213E+00    -1.3075E+00    -2.1655E+00
    +1.1225E-01    +1.3997E+00    +2.5488E+00    +5.5904E-01    +6.0632E-01    +5.7154E-01
    +3.6097E-01    +2.5747E-01    +9.7200E-01    +5.5478E-01    +1.7325E+00    +3.6916E-01
    -1.0536E+00    +4.1413E-01    +9.5317E-01    +1.7516E+00    -1.3950E-01    -8.8942E-01
    -7.5693E-01    -8.7103E-01    +3.7675E-02    -9.7435E-01    -1.4310E+00    +2.0376E+00
    -3.8360E-01    -1.0338E+00    +7.7096E-01    +1.0265E+00    +1.4707E+00    +2.3013E+00
    +1.7773E-01    +6.8924E-01    -6.7516E-02    +4.4233E-01    -8.3580E-01    +4.1747E-01
    -8.0730E-01    +7.8628E-01    +1.2315E+00    +1.3876E+00    +2.3700E+00    -6.0696E-01
    +6.6663E-01    -7.1504E-01    -3.6332E-01    +2.6598E-01    -1.4249E+00    -1.4004E+00
    -8.6197E-02    -2.5812E-01    +2.0036E-01    +8.1720E-01    +5.3243E-01    +1.1404E+00
    -9.2889E-01    +5.2733E-01    +1.1450E+00    +3.4244E-01    -2.6351E+00    -8.3876E-01
    +1.9667E-01    -5.0200E-01    -7.2403E-01    -4.6519E-01    +6.7362E-01    -5.6365E-01
    +3.8418E-01    -1.2494E-01    +1.4020E+00    -1.2534E+00    +2.1364E-01    +5.0525E-01
    -5.7207E-01    -6.5630E-01    +3.1712E-01    -1.0245E+00    +8.2228E-01    +7.8156E-01
    +2.8261E-01    -7.2675E-01    -2.9183E-01    +1.0916E+00    -7.2188E-01    -1.3969E+00
    +7.1000E-02    -2.1164E-01    +1.1074E+00    +1.2059E+00    +3.0831E+00    -4.1450E+00
    -2.7719E-01    +1.4261E+00    -5.6595E-01    +8.7509E-02    +3.5820E+00    -1.2165E+00
    -6.2120E-01    -6.4573E-01    -3.8377E-01    -9.9027E-01    -3.0576E+00    +1.1271E+00
    +4.5775E-02    +8.6988E-01    +3.9435E+00    -1.6951E-01    +1.1639E-01    -1.6912E-01
    +2.6095E-01    -7.3784E-01    +1.9683E+00    -1.4460E+00    +3.7994E+00    -3.8661E+00
    +7.3887E-01    -4.6809E-01    +7.7166E-02    -9.4432E-01    -1.4316E-01    -2.9733E-01
    -1.5838E-01    -2.7802E-01    +3.0467E-01    +6.8005E-01    -3.3912E-02    -6.9615E-01
    -4.9294E-01    -6.6660E-01    -7.4129E-01    +4.3757E-01    -1.5857E-02    +3.2739E-01
    +5.1134E-01    -7.9186E-01    +1.2378E-01    -2.1628E+00    -9.3171E-01    -1.6394E+00
    -1.2208E-01    -9.8063E-01    -7.7408E-02    -3.3814E-01    -1.7227E+00    +3.2865E+00
    +1.3068E+00    +5.0293E-01    +3.1019E-01    -8.6274E-01    +9.9075E-01    +3.6766E-01
    +5.3319E-01    +3.2449E-01    -9.7323E-01    -1.1800E+00    -1.0445E+00    +5.1125E-01
    +1.4151E-01    +5.9571E-01    +1.7947E+00    +1.2656E+00    -9.4254E-01    -3.3782E-01
    +3.3711E-01    -9.2318E-01    +5.6152E-01    +4.5192E-01    -1.9214E+00    -1.8901E+00
    +4.2610E-01    -1.0683E+00    +5.3970E-01    +9.7200E-02    +8.0892E-01    +1.5884E+00
    +1.0881E+00    -4.8664E-01    +9.6587E-01    +7.8386E-01    +7.1314E-01    +2.0496E-01
    -1.5241E-01    -4.7646E-01    +7.3888E-03    +3.0762E-01    -1.5092E+00    +2.3936E+00
    -1.0459E+00    +6.7396E-01    +6.6409E-02    +1.1890E+00    +2.5106E-01    +6.7767E-01
    +1.3723E+00    +2.7219E-01    +1.1854E-01    +3.7169E+00    +1.2495E+00    +2.4141E+00
    +2.8855E-01    +1.0800E+00    +1.5274E+00    +2.4688E+00    +9.9357E-01    +1.1790E+00
    -1.3713E+00    +3.5474E-02    -2.3454E+00    -5.4024E-01    -6.0717E-01    +1.1423E-01
    +4.8176E-01    +4.0491E-01    -9.4087E-01    -2.0366E+00    -3.8339E+00    +9.7193E-01
    +3.1277E-01    -5.1934E-01    -1.8449E+00    -3.7453E-01    +2.6759E+00    +2.8248E+00
    -1.8922E-01    -2.4020E-02    +2.0156E+00    -9.3610E-01    -2.8491E+00    -1.5579E+00
    -2.9901E-01    -6.4198E-01    -1.4513E+00    -2.4629E+00    -1.6690E+00    +4.0730E-01
    -5.2430E-01    +3.3036E-01    -1.3586E+00    -2.7439E+00    -8.4468E-02    -4.5712E-01
    -1.2054E+00    +2.4019E-01    +1.4306E-01    -1.2670E-01    -1.5184E+00    -5.7043E-01
    -3.6623E-02    -7.6243E-01    -3.3850E+00    -1.2475E+00    +1.5469E-01    +1.7856E+00
    -5.0343E-03    +9.4004E-01    -6.0093E-01    -2.6575E-01    -3.1481E+00    +3.0110E+00
    -7.4941E-01    +5.2921E-01    -3.2992E-01    +5.9585E-01    +8.3778E-01    -6.2143E-01
    +5.7031E-02    +2.3365E-01    -1.4254E+00    +1.1018E+00    -6.6300E-02    -1.7638E-01
    -2.1211E-01    -3.7342E-02    +5.8145E-01    -2.5934E-01    -1.4458E+00    -3.6676E+00
    -1.9387E-01    -6.3334E-01    -1.7345E-01    +4.7519E-01    +9.8042E-01    -5.0320E-01
    -1.0128E+00    -3.8160E-01    +8.7262E-01    -1.8096E+00    -1.4596E+00    -1.8730E-01
    +1.1240E-01    +1.4012E+00    +2.0122E+00    -4.1513E-01    -1.2690E-02    +5.6697E-01
    +3.4979E-01    -1.1381E+00    +1.0259E-01    +1.1082E+00    -1.3802E-01    +4.7279E-01
    -6.7955E-01    +4.4262E-01    -7.2434E-01    +1.5084E+00    +8.8461E-01    +6.8604E-01
    +2.3287E-01    -1.3936E-01    -8.3939E-01    +1.0048E+00    +1.7041E+00    +1.5215E+00
    -1.1748E-01    +9.9854E-01    -5.0442E-01    -5.0233E-01    -7.1180E-01    +1.8173E+00
    +9.3187E-01    +4.3504E-01    +6.3170E-01    +3.2472E-01    +2.2759E+00    -2.0995E+00
    +1.2068E+00    -5.1115E-01    +1.0454E+00    +2.8534E+00    -7.1207E-01    +7.5020E-02
    +5.8398E-01    -8.8477E-01    -5.1614E-01    +1.3605E+00    -1.5258E+00    +1.9494E+00
    -2.3933E-01    +2.8328E-01    +2.2725E+00    +1.4047E+00    -1.2855E+00    -2.3554E+00
    -3.1542E-01    -1.2548E+00    -3.9215E-01    -8.5847E-02    +2.7665E+00    -1.7059E+00
    +2.3567E-01    -2.0372E-01    +9.6416E-01    +1.5929E-01    -9.7300E-01    -9.5131E-01
    -2.3190E-01    -3.5596E-01    -1.6203E+00    -3.1523E-01    +5.5517E-01    +8.6058E-01
    -4.0772E-01    +4.7211E-01    -1.6609E+00    +2.2545E+00    +1.5342E+00    +1.9976E+00
    +2.3044E-01    +1.1531E+00    +1.0743E-01    -2.7956E-02    +5.6656E-01    +5.7717E+00
    +1.1938E-01    -1.1969E+00    -3.5557E+00    -3.4610E+00    -1.0781E+00    -8.1762E-01
    +7.1901E-01    -3.5998E-01    -6.3336E-01    +7.6048E-01    +6.2533E-01    +9.9157E-01
    +1.0463E-01    -8.8259E-01    +1.6564E+00    +7.4126E-01    +1.7667E-01    +2.1478E-01
    -4.4878E-01    -5.7453E-02    -1.5692E+00    -1.7278E+00    +1.1971E+00    -1.6290E+00
    -4.1158E-01    -1.6353E-02    +7.1807E-01    -2.4112E-01    +1.0220E+00    -5.6233E-02
    -3.0234E-01    -3.5984E-01    -1.3904E+00    +3.3304E+00    +2.5430E+00    -3.1441E+00
    -2.6341E-01    +4.5180E-01    +1.1608E+00    +2.7277E-01    -1.6393E+00    +9.6322E-01
    +1.5091E-01    +1.1307E+00    +4.4074E-01    +1.0907E+00    -1.9472E-01    +3.9087E-01
    -2.9461E-01    +2.7413E-01    -1.9120E+00    -2.1064E+00    -1.1483E+00    -1.4299E+00
    -9.1378E-01    +2.2801E-02    +3.1967E-01    -1.9099E+00    +1.8248E+00    -3.5850E-01
    -6.9751E-01    -5.2468E-02    +1.7504E-02    +2.3316E+00    -4.2353E+00    +3.4786E+00
    -4.5873E-01    +8.9506E-01    +1.0901E+00    +2.0416E+00    +8.8614E-01    +7.9835E-01
    -7.9091E-01    +4.5486E-02    +8.4553E-01    -1.9964E-01    +1.8124E+00    +7.9073E-01
    -8.9836E-01    -4.5366E-02    +2.4676E+00    +6.9334E-01    +1.0577E+00    +2.1686E-02
    -4.2766E-01    +2.1967E-01    +1.6279E+00    +1.5948E+00    -5.3199E-01    -1.3694E+00
    +4.7845E-02    -1.0349E-01    +3.0849E+00    +1.2798E+00    -2.2397E-01    -1.8548E-01
    -4.8845E-01    +2.6372E-01    +3.7042E+00    +1.3946E+00    +5.4824E-02    +1.3545E+00
    -1.0043E+00    +2.6987E-01    -2.1732E+00    -3.9183E+00    -4.8285E-01    -6.0814E-01
    +9.8642E-01    -8.7709E-01    -1.8633E+00    -9.2502E-01    -7.9297E-01    -3.5609E-01
    +1.2739E-01    -5.1061E-02    -3.0073E-01    -1.4938E+00    -5.2973E-01    +7.4204E-01
    +8.1330E-01    -2.6172E-02    +1.9678E+00    +2.9559E-01    -2.2256E-01    -7.9649E-01
    -5.6279E-01    -4.5042E-01    -6.6020E-01    -1.2692E+00    -1.9776E+00    +3.0199E+00
    -4.1293E-01    +5.3285E-01    +2.2092E+00    -1.0145E-01    +2.7445E+00    -1.1244E+00
    -8.4955E-01    +1.0047E-01    -4.2989E-01    +2.7131E+00    +1.8409E-01    +7.2061E-02
    +3.5837E-01    +3.2742E-01    +1.6028E+00    -1.6701E+00    -2.1671E+00    -4.2963E-02
    +6.1322E-01    +1.8985E-01    +1.4268E-01    -9.6698E-01    +2.1147E-01    -3.3278E-01
    -4.5908E-01    +7.2909E-02    -1.1000E+00    +7.0901E-02    +3.8171E+00    -2.4426E+00
    +2.5500E-01    -4.9632E-01    -8.8458E-01    +1.3631E-01    +2.7492E-01    -4.1386E-01
    +4.2696E-01    -6.2948E-01    +2.1091E+00    +1.1237E+00    -2.1286E-01    +5.1752E-01
    -3.9831E-01    +4.6392E-01    +4.6243E-01    +1.7641E+00    -3.0690E+00    -1.0787E+00
    +6.1327E-01    -3.1028E-01    -1.7866E-02    -1.8716E+00    +9.9974E-01    -1.5752E+00
    -4.4983E-01    -3.5589E-01    -2.2586E+00    -1.8824E+00    +1.2670E+00    +1.6036E+00
    +8.6099E-01    -2.0696E-01    +2.3894E+00    +1.7478E+00    +1.2400E+00    -1.4017E+00
    -6.3375E-02    +2.4276E-01    +2.2936E+00    -5.4698E-01    +2.1776E+00    +5.5787E-01
    -1.3411E+00    -2.6718E-01    -1.5634E+00    +8.1652E-01    -1.6450E+00    -1.7667E+00
    +2.0349E-02    -4.6780E-02    +6.2133E-01    +2.4782E+00    -3.9540E-01    +1.7815E+00
    -1.4281E-02    -2.7690E-01    +1.1130E+00    -1.5062E+00    -1.1431E+00    +1.9312E+00
    -3.6492E-01    -1.7713E-01    -2.2068E-01    -4.5138E-01    -1.3608E+00    -1.0454E+00
    +4.3853E-01    -8.2734E-02    +5.1168E+00    -5.3949E-01    -9.8487E-01    +7.6321E-01
    -8.3436E-01    +3.6680E-03    +2.3797E+00    +1.8315E+00    -1.6857E+00    -1.9991E+00
    -8.4520E-02    +3.9344E-02    +1.9740E-01    -3.3972E-02    -3.4354E-01    +6.1650E-01
    -2.6177E-01    -1.4281E+00    +3.3730E-01    +2.4780E+00    +4.5796E+00    -3.2136E+00
    -3.1393E-01    +3.6908E-01    +1.4849E+00    +2.9043E+00    +7.7152E-01    -1.1415E+00
    +1.0817E-01    +1.0452E-01    -1.4531E+00    +1.5732E+00    -4.1972E-01    +5.8861E-01
    -3.6108E-01    -2.7634E-01    -1.5036E+00    +7.7033E-01    -1.7349E+00    -6.4047E-01
    +3.0543E-01    -5.9892E-01    +2.0821E+00    -4.6231E-01    +2.3502E-01    -7.9946E-01
    -2.1927E-01    +1.6747E-01    -1.2528E+00    +1.0353E+00    -1.4768E+00    +3.4518E+00
    +4.9710E-01    +4.3195E-01    -4.0433E-02    +1.0119E+00    +2.2024E+00    +3.7115E-01
    +3.9926E-01    -7.0233E-01    +3.4028E+00    +2.4643E-01    -1.3903E+00    -4.9264E-01
    +5.5914E-01    +7.8475E-01    +1.8318E+00    +6.7452E-01    -2.5610E+00    +7.4677E-01
    -3.1321E-01    -2.0697E-01    -7.8730E-02    -1.2359E+00    -1.4641E-01    +1.2620E+00
    +9.0798E-02    -2.1289E-01    -4.8771E+00    -2.0315E+00    -2.8765E-01    -3.2168E-01
    -1.0246E+00    -3.0460E-01    -9.4616E-01    -5.6538E-01    +5.4520E-01    +6.0697E-01
    +3.2927E-01    +1.1840E-01    +3.1531E-01    -5.6738E-02    -3.3956E-01    -7.2642E-01
    +7.9580E-02    +7.5143E-01    +1.0051E+00    -1.9629E+00    +3.3935E-02    -4.3284E-01
    +2.4590E-01    +3.7919E-01    +3.6279E-02    +1.3952E+00    +1.7394E+00    +4.1117E-01
    -1.0087E-01    +1.7772E-01    +1.1736E+00    +2.2337E+00    -7.1238E-02    -2.0085E-01
    -1.9373E-01    +5.7696E-01    -1.8229E+00    -1.0396E-01    +2.9710E+00    -1.7073E+00
    -9.8686E-03    +8.9027E-01    +3.4509E+00    +8.3821E-01    +4.4518E+00    +3.2795E-03
    -7.8412E-01    -3.1063E-01    +2.2164E+00    +2.3891E+00    +8.1712E-02    +1.0578E-01
    +3.1978E-01    +1.3214E+00    +7.0921E-01    +5.0100E+00    +5.1774E-01    -1.3807E+00
    +1.8950E-01    -2.9359E-02    -1.6139E+00    -1.6644E+00    +1.0069E+00    +2.2481E+00
    +9.6616E-01    -4.7085E-01    -2.3395E+00    -6.8222E-02    -1.2464E+00    -1.4130E+00
    +1.5051E-02    +7.1659E-01    -2.1609E+00    -3.5908E+00    -6.6095E-01    +3.0090E-01
    -1.5273E-01    -1.2466E-01    -1.1829E+00    +5.0778E-02    +6.1106E-01    -6.2480E-01
    -1.0324E-01    +7.0796E-02    -2.3667E+00    -4.5581E-01    -7.0486E-01    -4.5476E-01
    -5.5265E-01    -5.8799E-01    -2.7847E-01    -5.4959E-01    +3.2223E-01    +2.8214E-01
    -6.9136E-02    -2.0682E-01    -1.7097E-01    -1.4469E+00    +4.8620E+00    -1.4241E+00
    -4.6179E-01    +9.9326E-01    +1.5593E+00    +2.2933E+00    -1.9020E+00    -1.6283E+00
    -8.2170E-03    -8.0164E-02    +1.0100E+00    -1.1129E+00    -2.4601E-01    -1.1475E+00
    +5.3665E-01    +3.5332E-01    -8.0471E-01    -9.1747E-01    +3.2101E-02    +2.4021E-01
    -4.5575E-01    +5.2449E-01    +9.5467E-02    -7.5359E-02    +2.3840E+00    +2.8883E+00
    +9.7923E-01    -5.2577E-01    +2.7282E+00    -9.4381E-01    -1.3757E+00    +2.5655E-01
    +6.9705E-01    +7.7482E-01    -5.7740E-01    -1.9281E+00    -1.2387E+00    -1.4357E+00
    -1.7560E-01    +2.4590E-01    -6.9439E-01    +2.3973E+00    +3.3852E+00    -2.7394E+00
    +1.0204E-01    +6.7392E-01    +2.1075E+00    +1.4003E+00    +9.0623E-01    +1.3338E+00
    +1.1788E-01    -3.7711E-01    +2.3091E-01    +4.1579E-01    +4.6328E-01    -2.8085E-01
    -2.0170E-01    +4.0422E-01    +2.6146E+00    +1.3378E+00    +1.1437E+00    +8.8411E-01
    -1.4931E-02    -5.5277E-02    -1.6214E+00    +1.0449E-01    +8.8773E-01    +5.6175E-01
    -1.7940E-01    -1.9678E-01    -1.0632E+00    +7.0968E-01    +1.3618E-02    -1.3536E-01
    -5.8057E-01    +3.6835E-01    -3.5592E+00    -1.1128E+00    -3.8985E+00    -1.6511E-02
    -2.1423E-01    +1.4134E+00    -6.5803E-01    -2.8675E-01    +8.7070E-01    +1.7420E+00
    -8.5324E-01    -5.2793E-01    +3.3091E-02    +3.4741E+00    -2.1615E+00    +2.5146E+00
    -1.3233E+00    +2.1643E-01    -5.6874E-01    -8.7235E-01    +1.5781E-01    -3.1901E-01
    -8.6297E-01    -7.2256E-02    +2.4392E+00    +8.0620E-01    -3.9071E-01    +1.7712E+00
    +9.0817E-01    +1.1290E-03    +2.0247E+00    +8.6906E-01    +7.5376E-01    +8.6499E-01
    +5.1994E-01    -2.4995E-01    +2.9129E+00    +7.8525E-01    +1.0342E+00    +2.4415E+00
    -2.2439E-01    -3.7104E-01    -2.4431E+00    -8.3663E-01    -5.0595E-01    +1.5459E-02
    -6.9319E-02    -1.5130E-01    +1.9520E+00    +3.5476E-01    -7.0473E-02    -2.9590E-01
    +8.0514E-01    +8.9998E-01    +7.7626E-02    +7.0781E-01    -5.2416E-01    -1.0113E+00
    +7.2635E-01    -3.7507E-01    +9.0807E-02    -2.2813E+00    -1.2175E+00    +9.7447E-01
    -1.0971E+00    -5.9094E-01    -1.0364E+00    -1.2063E+00    -3.1210E+00    +2.5374E+00
    +6.0267E-01    +8.7397E-01    -2.5890E+00    +2.6100E-01    -1.9131E+00    +6.1459E-01
    -6.2538E-01    +6.7471E-01    -1.5634E+00    +1.3448E+00    +1.5057E-01    -3.4217E+00
    -2.6378E-01    +2.5703E-01    -4.6608E+00    -1.0422E+00    -4.9800E-01    -3.9700E-02
    -2.1335E-02    -6.8136E-01    -2.2164E+00    +7.0953E-01    -3.6571E+00    +3.9634E+00
    +1.4503E-01    -2.8721E-01    -1.3239E+00    -1.0477E+00    -9.2750E-01    +1.0055E+00
    -4.1458E-01    +1.6573E-01    -9.0223E-02    +1.9210E+00    -1.4496E+00    -9.0564E-01
    +2.9944E-01    +8.5618E-01    -2.4955E+00    +2.9711E+00    +2.5315E-01    +1.2093E+00
    -2.3493E-01    +9.4075E-01    +3.7119E+00    +3.2710E-01    +1.8549E+00    -1.9935E+00
    +6.9714E-01    +4.8205E-01    -1.1812E+00    -6.1441E-01    -8.6477E-01    +1.5599E+00
    +1.7706E-01    -4.6532E-01    +1.5718E+00    -6.7252E-01    +1.2548E+00    -2.1130E+00
    -2.0941E-01    +4.3655E-02    -1.3812E+00    -7.6735E-01    -7.2547E-01    +4.4413E-01
    +8.9244E-01    +4.1239E-01    -1.0150E-01    +2.3557E-01    +2.5732E-01    +2.0941E+00
    -3.5408E-02    -7.3237E-01    +6.1590E-01    +7.7851E-01    +5.3789E-01    -1.3462E+00
    -3.1833E-01    +3.3946E-01    +2.3159E+00    +2.3913E+00    +4.8211E-01    -1.9406E-01
    +9.9533E-01    -2.6909E-01    +7.0258E-01    -3.4802E+00    +1.3313E+00    +1.7513E+00
    -2.6987E-01    -6.1294E-01    -1.0546E+00    -2.3339E-01    -2.5667E+00    +1.5654E+00
    -9.8541E-01    +8.2541E-01    +2.3683E+00    -3.5468E+00    -8.5789E-01    -8.5654E-01
    +6.8686E-01    -1.1870E-01    -4.2642E+00    -8.8945E-01    +1.4622E+00    -3.0000E+00
    -3.0027E-01    -1.7587E-01    -3.0654E+00    -3.6460E+00    -3.3539E+00    -2.0527E+00
    -8.2117E-01    +5.3426E-01    -1.4854E+00    +1.4533E+00    -6.8569E-01    -7.3870E-01
    +5.9537E-01    -4.7078E-01    -7.1230E-01    -1.6104E+00    -3.8201E+00    +4.2910E-01
    -1.7336E-01    -7.3286E-01    -2.3589E+00    +1.0329E+00    +2.6270E-01    -8.4355E-02
    +3.4913E-01    -2.8891E-01    +6.3973E-01    +5.1880E-01    +2.9789E-01    +2.3023E-01
    +6.5952E-01    +4.1618E-01    -1.6928E+00    +6.0241E-01    +1.0812E+00    +7.7485E-01
    +1.5738E-01    -1.1257E+00    +1.3303E+00    -2.6576E+00    -3.3333E-02    +1.0803E+00
    +1.4083E-01    -1.0859E+00    +1.2392E+00    -6.0256E-01    -7.6093E+00    -1.3634E-01
    -9.4785E-01    -5.8314E-01    +1.3094E+00    -1.9360E+00    -7.6798E-01    +2.0686E+00
    +9.4157E-01    -9.5087E-01    +2.1817E-01    +1.1933E+00    -1.1682E+00    -7.7248E-01
    +3.8713E-01    +8.8407E-01    -1.2100E+00    +1.1812E+00    -1.1355E+00    -9.4601E-01
    -7.3606E-01    -1.8469E-01    -1.3318E+00    +1.5071E+00    -7.7779E-02    +2.3673E-01
    -4.3345E-01    +1.0975E+00    +4.1212E-02    -8.9523E-01    +5.3250E-01    +5.0330E-01
    +9.9352E-02    +7.7046E-01    +7.5393E-01    -1.9059E+00    -1.8148E+00    +1.1693E+00
    -1.3791E-01    -8.7772E-01    +1.5295E+00    -3.0799E+00    -3.2423E-02    -1.4464E-02
    -8.2273E-01    +4.3141E-01    +1.8600E+00    +1.5713E-01    +8.3970E-02    -7.6087E-01
    +1.0803E+00    +1.0653E-01    +1.8162E+00    +7.7247E-01    -5.3622E-01    -6.7144E-01
    +2.3507E-02    -3.0279E-01    +5.5708E+00    -8.3177E-01    -1.1733E+00    -1.2725E+00
    -9.4168E-01    +3.6634E-02    -1.9656E+00    -1.3047E+00    +1.5566E-01    +1.3970E-01
    +1.2758E+00    +4.0049E-01    +3.9239E-01    +2.1851E+00    -6.6963E-01    -1.5533E+00
    +1.0579E-01    -5.3184E-01    +5.5843E-01    +2.5463E+00    +9.6254E-01    +1.5626E+00
    -1.6346E-01    -1.0234E-01    -2.5559E+00    +1.1875E+00    +1.7326E+00    +1.8554E+00
    -3.2709E-01    +1.9633E-01    +2.9308E-01    -2.7027E+00    -6.2375E-01    -3.0437E-01
    +5.4704E-01    +4.9506E-01    -1.2801E+00    +1.9848E+00    +6.8206E-02    +5.3673E-01
    +1.7770E-01    +1.9488E-01    -2.2916E+00    -5.8797E-01    +4.2234E-01    -2.4005E-01
    +5.1448E-01    -1.4170E-01    +8.4482E-01    -1.3100E+00    -2.1412E-01    -1.6713E+00
    +6.4294E-01    +3.6924E-01    -1.4251E+00    -5.4491E-01    -1.0834E+00    +2.3860E+00
    -7.3568E-01    -1.8642E-01    +4.5012E+00    -2.1548E+00    +6.3437E-01    -8.0380E-01
    -1.9546E-01    -4.5457E-02    +8.0422E-02    -1.2717E-01    -2.2687E+00    +8.0364E-01
    -7.7599E-01    -6.5528E-01    +1.3209E+00    +2.8671E+00    +4.4708E-01    -1.0513E+00
    +3.2305E-01    -1.9387E-01    +1.7268E+00    +3.7202E-01    -5.2812E-01    -1.1839E+00
    +7.0542E-02    -4.5082E-01    -7.6516E-01    +6.2847E-01    -3.7462E+00    -1.6582E+00
    +3.9770E-01    -1.8823E-01    +1.2275E+00    +1.3782E+00    -1.6998E+00    -2.3019E+00
    +6.5278E-01    +1.1092E-01    -7.4956E-01    -8.0159E-01    -4.3070E+00    +4.5003E-01
    +5.1684E-01    +4.9660E-01    +2.2565E+00    -1.7546E+00    -4.8120E-01    -6.7743E-01
    -1.0696E-01    -5.1333E-01    -1.5748E-01    +2.1018E+00    +1.0857E+00    -1.2808E-02
    +2.7773E-01    +4.1787E-01    +2.6019E-01    -1.0483E+00    +1.0502E+00    -1.5484E+00
    +1.3966E-02    +5.6728E-01    -1.2494E+00    -4.0878E+00    -6.5137E-01    +1.0754E+00
    -4.6511E-02    -6.2011E-01    -8.3644E-01    +8.1479E-01    +2.4272E+00    -5.0009E+00
    +3.1333E-01    +1.9499E-01    -1.1362E-02    -1.1758E-01    -1.3058E+00    +5.2780E-01
    -4.2685E-01    -6.6607E-02    -5.9120E-01    +1.1205E+00    -4.2478E+00    +2.4079E+00
    -7.5901E-01    +2.5756E-01    +2.3869E-01    -3.2975E+00    -2.4061E+00    -1.3623E+00
    -1.6538E-01    +5.6149E-01    -6.7845E-01    -1.0442E+00    -1.0329E+00    -8.8495E-01
    -4.7518E-01    -3.7627E-01    -1.4960E+00    -2.3580E+00    -2.3109E+00    +1.6473E+00
    +3.0460E-01    -2.7356E-01    +4.9513E-01    +9.5277E-01    +2.2206E+00    +6.4363E+00
    +1.5222E-01    +4.6614E-01    +1.2248E+00    +4.3684E-01    +5.8639E-01    -4.8407E-02
    +5.9830E-01    -9.8856E-01    -1.4348E+00    -3.8302E-01    -1.2731E+00    +1.4778E+00
    -8.9741E-01    -3.4274E-01    -1.7944E+00    +3.0995E+00    -1.6590E+00    -7.0662E-01
    +1.2417E-01    -5.1807E-01    -9.2999E-01    -1.2405E+00    +2.5352E+00    +2.2681E+00
    +1.1972E+00    +3.0667E-01    -3.7040E+00    -2.0358E+00    +1.3061E+00    +1.3078E+00
    -4.5521E-01    -1.9936E-02    -1.4485E+00    -1.6055E+00    -1.4806E-01    -6.2618E-01
    +5.6810E-01    -8.4581E-01    +2.8562E+00    +2.3073E-01    -1.0538E+00    -1.2253E-01
    +7.8608E-01    -8.9195E-01    +1.0027E+00    +1.2729E+00    +1.6148E-01    -2.2560E+00
    +3.1328E-01    +3.7015E-01    -2.1575E+00    +6.6252E-01    +8.3662E-01    -3.9762E-01
    +1.4472E-01    +3.7336E-01    +1.6668E+00    +1.9922E+00    +4.6063E-01    -3.5411E-01
    +1.3047E-01    +2.1088E-01    +3.2052E+00    -1.0145E+00    +5.6625E-01    +1.1386E+00
    -5.7991E-01    +5.1953E-01    +1.0668E+00    -1.8583E+00    +8.9040E-01    +3.7469E-01
    -2.5061E-01    +2.8035E-01    +7.4525E-01    -1.0830E+00    +8.6685E-02    +1.0174E-01
    +2.7902E-01    -2.4027E-01    +1.9870E+00    -1.0373E+00    +1.3856E-01    -3.9562E-01
    -3.6783E-01    +1.7221E-02    -2.2512E+00    -1.3429E+00    +2.2176E-02    +7.2244E-01
    +4.6844E-01    -3.3798E-01    -1.9754E+00    +3.0346E-01    -2.6086E-01    +1.0180E+00
    -4.9203E-01    -5.8597E-01    -1.7880E+00    -3.7705E-01    -2.2556E-01    +6.3359E-01
    +7.7403E-01    -2.4901E-01    -1.4311E+00    -7.6888E-01    +1.4360E+00    -1.0066E+00
    +6.0766E-01    -6.2700E-01    -9.7189E-01    +2.0697E+00    +2.8092E+00    +2.2721E+00
    +2.4094E-01    +7.4240E-01    +2.8499E-01    -4.5564E-02    +3.3612E-01    -2.9792E-01
    +1.9210E-01    -1.2728E+00    -9.9040E-01    -1.4663E-02    -5.1318E-01    -1.9922E-01
    +7.2997E-01    +2.5175E-01    +1.0128E+00    -1.6109E-01    +3.3835E-01    +1.7351E+00
    -3.6056E-01    -9.1235E-01    -1.9517E+00    -1.4498E-01    +2.0077E+00    -1.0800E+00
    -1.6043E-01    +4.0979E-01    -1.3768E+00    -2.1188E+00    +9.0355E-01    -2.6688E-01
    -1.0974E+00    -2.4021E-02    -1.3968E+00    +1.1234E+00    +1.0801E+00    +1.3327E+00
    +1.9062E-01    +2.5619E-01    -1.1196E+00    -1.5653E+00    -1.0176E-01    +2.3596E-01
    +1.4136E-01    +4.4216E-01    -1.6068E+00    -7.8063E-01    -9.3177E-01    +5.1866E-01
    -2.7906E-01    -1.9007E-01    +4.3429E-02    +2.0768E+00    -1.3649E+00    -2.4669E+00
    -7.0252E-01    +9.9282E-02    -2.0302E+00    -1.3782E+00    +3.2722E-02    -8.6032E-01
    -2.2300E-01    +1.1456E+00    +1.3156E+00    +7.4863E-01    +1.7383E-01    +5.5629E-01
    -5.3880E-01    +4.1961E-02    -7.7400E-01    -7.5087E-01    -1.7040E-01    +1.1654E-01
    +3.4597E-01    +3.8279E-01    -2.7504E+00    -2.8229E+00    +8.3229E-02    -2.7735E-01
    +9.3142E-02    -4.8266E-01    -8.3748E-01    +1.3591E+00    -2.5723E+00    +1.8154E+00
    +7.9965E-01    +6.2729E-01    +1.7189E+00    +9.6753E-01    +1.4686E+00    -1.6861E+00
    +2.9944E-01    +7.0431E-01    +2.3923E+00    +2.0522E+00    -3.6317E-01    -1.4243E+00
    -2.6335E-01    -8.8511E-01    +3.2214E-01    -1.9572E+00    +7.1253E-01    +6.3963E-01
    -1.2415E+00    +2.7333E-01    +2.2857E-01    -3.0864E+00    +2.1649E+00    -1.8391E+00
    +1.0744E-01    +1.0523E-01    +8.4850E-01    +1.7201E-01    +2.6419E+00    +3.0956E+00
    +9.0295E-02    +3.8879E-01    -8.3763E-01    +2.8003E+00    +8.0940E-01    -1.3964E+00
    +6.7863E-01    +4.4517E-01    +9.4682E-01    +2.5514E+00    +8.3086E-02    +2.0278E-01
    -1.3149E-01    +3.4821E-01    -1.8613E-01    +9.6272E-01    +1.8109E+00    +2.2974E+00
    +7.1221E-03    -1.2530E+00    +1.0180E+00    +1.4865E+00    -2.2844E+00    +1.8914E+00
    +2.4203E-01    +5.3240E-01    +8.4004E-01    +1.4504E+00    -3.1934E+00    +2.8411E+00
    +8.2755E-01    +7.1824E-01    +1.3926E+00    -1.8863E+00    -1.2417E+00    +1.9529E+00
    -1.1066E+00    -3.5126E-01    -1.5724E+00    +2.2221E+00    -1.5098E+00    +4.5716E-01
    -2.2898E-01    +3.7336E-01    +1.3321E+00    -1.3050E+00    +6.1578E-01    +8.4213E-01
    -3.4847E-01    +3.0624E-01    +1.1954E+00    +1.3068E-01    +3.1823E+00    +3.9199E+00
    -7.3411E-02    +4.1416E-01    +1.0304E+00    -1.7281E-01    +6.0063E-01    +6.0515E-01
    -2.1000E-01    +4.3416E-01    +4.9527E-01    -4.3910E-01    -1.3967E+00    +2.0657E+00
    +5.0217E-01    +1.0665E-01    +1.4461E+00    +1.0297E+00    +1.6855E+00    +1.2689E+00
    -1.8379E-01    -6.0147E-01    -4.5268E-02    +6.9931E-02    -8.8540E-01    -1.8287E-02
    +2.3871E-01    +1.3881E-01    -2.3720E+00    +3.7583E+00    -3.2304E-03    +3.2522E+00
    -5.2499E-01    +9.5928E-02    -1.2785E+00    -5.3521E-02    -7.5234E-01    +2.9174E-01
    -6.7809E-02    +2.0459E-01    -2.0578E+00    -2.0255E+00    +4.0870E-01    -5.6315E-01
    +8.4430E-02    -1.0192E-01    +2.2622E+00    +7.0836E-01    -8.6127E-01    -2.8454E-01
    -3.9045E-01    +1.2255E+00    +6.8965E-01    +8.6966E-01    +4.4031E-01    -4.6841E-02
    -8.6160E-02    +9.4366E-01    -1.3904E+00    -1.0928E+00    -3.6633E-01    +2.6290E-01
    -7.9813E-01    +8.6955E-01    -7.5927E-01    +1.0163E+00    -3.8819E+00    +4.6391E-01
    +9.3881E-01    +1.0644E-01    +4.9941E-01    +2.0516E+00    -3.4218E+00    +1.5767E+00
    +1.2974E-01    +3.8040E-02    +1.3801E-01    -1.1204E+00    +2.7801E-01    -1.8302E+00
    +5.8320E-01    -7.7495E-01    -2.7606E+00    -1.2892E-01    +1.5811E+00    +7.2007E-01
    -7.5707E-01    +3.3339E-02    +1.2735E+00    -5.2399E-01    +9.7826E-02    +2.0522E+00
    -9.2886E-01    +7.1297E-01    -2.0153E+00    -3.6501E-01    -1.4690E+00    +1.7445E+00
    +6.7878E-02    +3.7633E-01    +9.1251E-04    +1.1519E+00    +3.5684E-01    +8.3375E-01
    -4.2584E-01    -2.2700E-01    +2.5859E-01    +2.0794E-01    +9.2485E-01    -1.0288E-01
    +4.1525E-01    +7.3376E-01    +1.5026E+00    +3.7742E-01    -3.6454E-01    -2.6734E-01
    +6.0875E-01    +4.4003E-01    -2.1465E+00    -1.8024E+00    -1.3652E+00    +1.4477E+00
    +4.5748E-01    -3.2268E-01    -2.4285E+00    -1.1322E+00    +2.2771E-01    +5.6909E-01
    +5.8314E-01    +5.6500E-01    +2.9653E-01    +6.0281E-01    +2.2922E+00    -2.9106E-01
    -4.5137E-01    +1.4222E+00    -5.8375E-01    -6.1800E-01    +7.4340E-01    +1.2398E+00
    +8.9051E-01    +4.0951E-01    -6.6204E-01    -2.3177E+00    -1.8269E-02    -1.0071E+00
    +3.9552E-01    -3.9529E-01    +1.6534E-01    -1.2325E+00    -1.3244E+00    +6.4092E-01
    +9.2850E-01    -3.2588E-01    -3.6018E-01    +1.6522E+00    +2.3107E+00    -1.2018E+00
    -3.5291E-01    -6.8114E-02    -2.8106E+00    +1.6778E+00    +3.1890E+00    -1.7833E+00
    -1.0984E-01    -4.3814E-01    +2.2056E+00    +2.0010E+00    -2.2358E-01    -1.2934E-01
    +4.2380E-01    +7.1913E-01    +2.0664E+00    +2.6281E-01    +3.2380E-01    +6.1298E-01
    -1.1380E-01    +1.1694E+00    -8.9839E-03    +6.0026E+00    -1.3742E+00    +6.4186E-01
    +1.0016E+00    +3.8026E-01    +1.1312E+00    -1.8728E-01    -1.6735E+00    +6.8977E-01
    +4.7726E-01    +5.6190E-01    +3.5727E-01    -1.1634E+00    -1.0309E+00    +6.2363E-01
    -6.3250E-01    -5.1322E-01    +5.3620E-01    +8.7603E-01    +7.6483E-01    -2.8196E-01
    -5.5425E-01    +5.5080E-01    -1.5764E-01    -1.5749E+00    -1.6646E+00    +1.6441E+00
    +2.0869E-01    +5.7608E-01    +1.7377E-01    -1.0837E+00    -2.7807E-01    -2.2918E-01
    +8.2455E-01    -6.2714E-01    -6.9387E-01    +8.3327E-01    +5.3957E-01    +2.0342E-01
    +3.1969E-01    +9.9287E-01    +1.6316E+00    -7.4372E-01    -1.2926E+00    +7.5922E-01
    -4.2052E-01    -1.1367E+00    +3.4572E+00    +1.1293E+00    -1.5117E+00    -6.6189E-01
    -4.9272E-01    -3.8083E-02    -1.2711E+00    -2.1469E+00    +1.7168E+00    +7.9465E-01
    +5.8938E-01    +4.9837E-02    +1.8112E+00    +2.8249E-01    -1.4137E+00    -1.5200E-02
    -1.9845E-02    -6.8179E-02    +2.0938E+00    +1.7496E+00    +5.1711E-01    +7.3803E-02
    -2.0220E-01    +7.1569E-01    -3.0090E-01    +9.7106E-01    +2.8703E-01    -1.7918E+00
    +5.2629E-01    -2.6937E-01    +1.8486E+00    +1.3214E+00    +5.6212E-01    +2.3623E-01
    -1.4111E-02    +6.9143E-02    -4.4171E-01    -1.5577E+00    +3.2089E+00    +1.7133E+00
    +1.9377E-01    +4.6000E-01    +1.2986E+00    +1.9456E+00    +1.6843E-01    -3.7862E-01
    -1.0609E+00    -2.1754E-01    -5.0379E-01    -9.8165E-01    +6.7050E-01    -2.8977E-01
    -3.2419E-01    +5.0540E-01    +7.8469E-01    +2.1218E+00    +9.5207E-02    +6.3799E-01
    -7.8840E-01    -7.3984E-02    -1.7996E+00    -2.8840E+00    +4.3197E+00    -2.0711E+00
    +7.7465E-02    +9.0706E-01    -2.1476E+00    -6.7772E-01    +1.8873E-01    -3.1004E-01
    -2.5646E-01    -5.4882E-01    +3.7066E+00    +2.4738E+00    +3.7738E+00    +4.1216E+00
    +6.3195E-01    -1.9791E-01    +2.4835E-01    +7.0595E-01    -1.2646E+00    +6.8281E-01
    -7.3798E-01    -6.0294E-02    +4.4587E-01    -1.1961E+00    +2.8401E+00    -3.5409E+00
    -3.6107E-01    -8.8310E-01    -1.2161E+00    -9.0565E-01    +4.4832E-01    -1.2014E-03
    -2.3970E-01    -1.6136E-01    -9.6802E-01    +1.6486E+00    +1.6235E+00    -8.2455E-01
    -4.0742E-01    +9.2091E-02    -1.1884E+00    -2.7435E+00    +1.0405E+00    +2.1850E-01
    +8.8515E-01    +7.1678E-01    -1.8307E+00    +5.2951E-01    -7.0958E-01    -2.0712E-01
    -3.5932E-01    -2.8742E-01    -6.9109E-01    -1.2666E+00    -1.2075E-01    -5.8625E-01
    -3.4184E-01    -3.8217E-02    +1.0108E+00    +1.1218E-01    +2.0652E+00    +1.9732E+00
    +9.3848E-02    -6.6780E-01    +4.9603E-02    +1.1217E+00    -5.9238E-01    +7.3567E-01
    -6.7665E-02    +4.7593E-01    -3.8411E-01    +1.4578E+00    -1.7394E+00    +2.3157E+00
    -7.0944E-01    -1.3466E-01    +1.0981E+00    +2.4711E+00    -7.2893E-01    -3.4816E-01
    -3.4280E-01    +1.0916E+00    -4.3166E-01    +1.7541E+00    -4.1808E-01    -8.4929E-01
    +4.2328E-01    +1.2391E-01    -1.3770E-01    +8.4028E-01    +1.9521E+00    -1.4793E+00
    +4.7933E-01    +3.4148E-01    -1.2311E+00    +6.0642E-01    +1.5497E+00    +1.7839E+00
    -3.3528E-02    -4.1953E-01    -1.4932E-01    +3.9141E+00    +1.2507E+00    +1.0817E+00
    +6.5750E-01    -4.7598E-01    -4.1707E-01    -1.6951E+00    -1.8158E+00    -2.3264E-01
    +7.1404E-01    -5.9567E-01    +3.1457E+00    +8.7393E-01    +6.8371E-01    +3.1083E+00
    +7.4374E-01    -7.0876E-01    -1.3420E+00    +2.2923E-01    +3.9819E-01    -7.3920E-01
    +1.2989E-01    -4.7473E-01    -8.5073E-01    +1.1737E+00    -4.3210E-01    +1.0306E-01
    -2.3633E-01    +5.9078E-01    -3.2514E-01    +1.6916E+00    +1.5958E-01    +6.1998E-01
    +3.3620E-01    +4.9611E-01    +7.5359E-01    -2.2887E+00    -1.5217E+00    +1.1090E+00
    +6.6954E-01    +3.2294E-01    -9.2888E-01    -2.2554E+00    +1.7508E-02    +1.5608E-01
    +8.1404E-01    -6.1619E-01    +1.0373E-01    -3.8699E-02    +2.5813E-01    -6.6095E-02
    +5.9894E-02    -4.7484E-02    +1.7608E-01    +1.3449E+00    +1.3417E+00    +9.6469E-01
    +8.1854E-01    -8.9113E-01    +2.2498E+00    +2.2049E-01    -3.3917E-01    +4.9557E-01
    -1.3364E-01    +3.8943E-02    -5.2117E-01    -6.7284E-02    +3.2832E-01    +3.6396E-01
    +6.2749E-01    +8.9609E-01    +2.2607E+00    +9.7260E-01    -1.9765E+00    -8.6811E-01
    -1.0387E+00    -5.1746E-01    +1.4640E-01    -2.5535E-01    +4.4313E-01    +8.2215E-01
    +2.0064E-01    -5.0761E-02    +5.1537E-01    +5.7344E-01    +4.8959E-01    -6.3452E-01
    -2.2143E-01    -2.5916E-01    -7.6929E-01    +1.2153E+00    -2.3135E+00    -2.4343E+00
    +6.6006E-01    +3.1832E-01    -1.7428E-01    -4.1414E+00    +1.5939E+00    +1.5911E+00
    -1.0572E-01    +7.3714E-01    -2.1814E+00    -3.0230E-01    -5.0026E-01    +2.3793E+00
    -4.8816E-01    +1.1047E+00    +4.2216E-01    +3.6411E+00    +4.3200E-01    -5.4496E-01
    -5.6753E-01    -3.4848E-01    +3.4389E-01    +7.8347E-01    -3.2956E-01    -8.1834E-01
    -5.4083E-01    -1.7140E-02    +3.9240E-01    +9.4722E-01    +6.7425E-01    -2.6079E-01
    -4.1036E-01    +6.6583E-01    -1.5131E+00    +2.4719E-01    -6.0725E-01    -5.7331E-01
    +4.2860E-02    +5.0563E-01    +7.3026E-01    -4.3760E-01    +1.2362E-01    +1.0496E-04
    -3.2979E-01    +1.0780E+00    +2.5583E-01    +9.8369E-01    +8.2408E-02    -8.9544E-01
    +1.1868E+00    -5.8546E-01    +6.0402E-01    -2.2936E-01    +1.5227E+00    +2.9170E-03
    -6.3740E-01    -4.3533E-01    +5.2591E-01    -2.0477E+00    -5.1503E-02    -9.6047E-02
    -5.2603E-02    -3.8938E-01    -1.7597E+00    +1.0482E+00    -3.6797E+00    -2.3506E+00
    +3.5266E-01    +2.1940E-01    -1.8214E+00    -2.7099E+00    +2.6945E-01    -1.1030E+00
    +6.4681E-01    +1.3673E-01    +4.3456E+00    +1.4639E+00    +1.6051E+00    -2.4981E+00
    -1.2741E-01    -1.4290E+00    +3.3333E+00    +2.6676E+00    +5.2767E-01    -1.4150E+00
    -2.0228E-01    -1.9854E-01    -2.2662E+00    -3.2982E+00    +5.4175E-02    -1.5893E+00
    -4.5089E-01    -5.6302E-01    +4.8035E-01    +9.4447E-01    +9.3693E-01    -1.8462E+00
    +1.2316E-01    +1.0158E+00    +7.3195E-02    -1.1315E+00    +2.2235E+00    +3.5022E+00
    -2.2378E-01    -1.0183E+00    +1.0496E+00    -1.7544E-01    +4.0207E-01    +2.0439E+00
    +3.6239E-01    -5.3491E-01    -7.3519E-01    +4.8830E-02    -7.0093E-01    +9.8159E-01
    -3.1045E-01    +7.8799E-01    +1.0810E+00    -3.4060E-01    -1.7055E-01    +2.0160E-01
    +7.4172E-01    +5.6259E-01    -2.5837E+00    +1.2060E+00    +6.0483E-01    +3.3971E-01
    +1.4858E-01    -8.7939E-01    +5.3061E-01    -2.1861E+00    +1.1625E+00    -4.9645E-01
    +2.7934E-01    -9.5888E-01    +7.9951E-01    +2.6231E+00    +1.5493E+00    +1.8098E+00
    -6.0620E-01    -1.2531E-01    +1.4897E+00    +1.7889E+00    -3.0767E-01    +7.3872E-01
    +1.7272E-01    +1.1635E+00    +3.7899E-02    +8.4018E-01    -4.1824E-01    -9.0442E-01
    +2.0404E-02    -5.6724E-01    -1.3264E+00    -1.7119E-01    +6.0387E-01    +6.9527E-01
    -1.7132E-01    -1.3050E-01    +3.5487E+00    -4.5899E-01    -1.7691E+00    +5.3588E-01
    +1.0778E+00    +2.2436E-01    -3.1624E-01    +7.0304E-01    +2.6556E-01    +2.5835E+00
    -5.3968E-01    -7.7439E-02    +9.4053E-01    +7.6275E-01    +2.1963E+00    +2.8329E+00
    -3.0578E-01    -9.0348E-01    -1.0785E+00    -1.0391E+00    +1.2955E-01    +1.8498E+00
    +3.9389E-02    -4.2561E-01    +9.5933E-01    +2.4355E+00    +3.0250E+00    +2.6893E+00
    -3.2854E-01    -7.8297E-01    -1.5999E+00    +7.0439E-01    -2.0851E+00    +6.9428E-01
    -2.0585E-01    +1.0255E+00    -1.5417E+00    +2.3535E+00    -8.0668E-01    -1.0055E+00
    -3.8339E-01    +6.8802E-01    +5.7893E-01    +5.2634E-01    +4.8837E-01    +4.8325E-01
    +4.5199E-01    +6.9079E-02    -2.2319E-01    +1.4286E+00    +1.4117E+00    -2.7065E-02
    -4.7426E-01    -1.9578E-01    -1.4822E+00    -4.6207E-02    -1.0553E+00    +2.8163E+00
    -1.5558E-01    +1.7679E-01    -1.0997E+00    +2.7823E+00    -7.7090E-01    -1.5473E-01
    +6.7189E-01    -1.1103E-01    +2.1100E+00    +1.3489E-01    -1.3847E+00    +4.8105E-01
    -3.2939E-02    -1.2432E-02    -1.4003E+00    +1.9259E+00    -1.3086E+00    -2.5098E+00
    -2.8092E-01    -8.1945E-01    +3.8978E-01    -3.7368E+00    -1.8608E-01    +1.1615E+00
    -3.7342E-01    +7.7861E-01    -3.4803E+00    +6.8372E-01    -6.7959E-01    -7.5724E-01
    +4.8400E-01    +5.6790E-01    -5.8485E-01    -1.1312E+00    +1.5566E-01    -1.5683E-01
    -2.9549E-01    +1.9374E-01    -3.8028E+00    +9.5065E-01    -8.7066E-01    +8.5110E-02
    +1.6301E-01    +2.9419E-02    -1.5837E+00    -2.3426E+00    +7.3648E-01    +2.5050E-01
    +7.8142E-01    -2.4659E-01    -3.9750E-01    +1.5851E+00    -6.5628E-01    +1.3040E+00
    -4.8086E-01    -7.0219E-01    -1.7718E+00    -1.9602E+00    -5.3099E-01    +5.8621E-01
    +6.2002E-01    -6.1220E-02    -1.0545E+00    -2.3421E+00    -2.5721E+00    +2.6593E+00
    -6.1959E-01    +1.9357E-01    -5.3950E-03    +1.5605E+00    -1.8454E+00    +1.9680E+00
    +3.5382E-01    +1.3913E-01    +2.1592E+00    +1.8619E+00    +1.1189E-02    +5.7893E-01
    +1.0402E+00    +2.7327E-01    -6.0712E-01    +1.2344E+00    -2.4565E+00    +2.2658E-01
    +6.9449E-01    +4.2492E-01    +3.7520E+00    +1.3698E+00    -2.2195E-01    -5.2010E-01
    -3.7906E-01    -2.6332E-02    -8.9356E-02    -2.0512E+00    -1.9286E+00    -4.0195E-01
    +7.5383E-01    +4.6470E-02    +1.5466E+00    +2.9935E+00    +1.3097E-01    -1.8675E+00
    +9.3230E-02    +2.2425E-02    +1.1916E+00    -3.4772E+00    +2.6521E+00    -2.9241E+00
    +2.1619E-01    +7.5376E-01    -1.6524E+00    +3.4501E+00    +1.4210E+00    +1.3825E+00
    +3.6687E-01    +6.0492E-01    +2.0189E+00    +2.1385E-01    +5.8734E-02    +3.1995E-02
    +7.5956E-01    -5.3559E-01    +6.9689E-01    +2.4262E-01    +1.0681E-01    -4.2488E-01
    -6.6885E-01    +1.7035E-01    -3.8701E-01    +3.1549E-01    +3.2083E+00    -1.2536E+00
    +1.1728E+00    +3.2999E-01    +2.9800E+00    +1.9251E+00    +2.6683E+00    -1.3297E+00
    -1.1597E-01    +2.0092E-01    +7.9765E-02    -1.6699E+00    -4.8203E-02    -2.0488E-01
    -2.5551E-01    -2.3225E-01    +5.8569E+00    -2.7934E-01    +1.0435E+00    -2.1879E+00
    +9.6749E-01    -2.6137E-01    -1.7948E-01    +1.0583E+00    +5.3921E-01    +1.3757E+00
    -8.1906E-01    -4.3538E-02    +2.5792E+00    +1.0642E+00    -2.5003E+00    -1.8734E+00
    -5.1807E-01    -6.9885E-02    -6.6570E-01    -2.7230E+00    +2.8090E-01    -1.1190E+00
    +1.9938E-01    +1.8151E-01    +7.3328E-01    +6.2760E-01    -5.1803E-01    -1.6833E-01
    -5.0173E-01    +2.7021E-01    +4.5162E-01    +2.9912E-02    +1.5485E+00    +2.7756E+00
    -4.4084E-01    +5.0594E-01    +1.1120E+00    -1.1930E+00    -2.0484E+00    -1.5901E+00
    -4.5178E-01    +4.4403E-01    -1.6962E+00    -9.9159E-01    +6.9248E-01    -8.9096E-01
    -2.3491E-01    +7.4854E-02    -6.5317E-01    -1.6843E+00    -1.7586E+00    -4.3159E-01
    -8.2492E-01    +7.2940E-02    -3.1523E-02    -1.9559E+00    +2.2415E+00    +2.4043E+00
    +4.4688E-01    +2.3469E-01    -9.2081E-01    -1.6951E+00    -6.9057E-01    +7.6582E-01
    +1.8207E+00    +8.1012E-02    +1.2316E+00    +1.6820E+00    -1.8141E+00    -1.1792E+00
    -5.5803E-01    -1.5148E-01    +2.5550E-01    -2.4335E-01    -1.5658E+00    +5.8796E-02
    +8.6575E-02    -7.4789E-01    -4.1442E+00    -3.1222E-01    -1.0504E+00    -6.0098E-01
    -3.0434E-01    -1.0534E-01    +2.4892E+00    +1.0668E+00    +2.6230E-01    -9.5752E-01
    +2.9187E-01    -6.7686E-03    +1.6876E+00    -1.4382E+00    -5.3504E-01    -2.0338E+00
    +5.0542E-01    +6.6202E-01    +6.3715E-01    +2.2879E+00    +5.7538E-01    +4.9551E-01
    +1.4282E+00    -9.7619E-02    -5.1257E-01    +6.2370E-01    +1.0183E+00    -5.2133E-01
    +3.4910E-01    -7.2069E-01    -9.7246E-01    +4.7488E-01    +7.8851E-01    +1.6604E+00
    +6.3736E-01    +5.4195E-01    +4.9053E-01    +2.5085E+00    +1.4006E+00    -1.2584E+00
    -4.2507E-01    +8.8886E-01    -5.8364E-01    -2.0447E+00    +1.3920E+00    -2.2217E+00
    +2.9351E-02    +5.1839E-01    +1.5932E+00    +1.4228E+00    -3.4996E-01    +9.1889E-01
    -8.1748E-01    -2.0493E-01    +1.9313E+00    +2.7873E+00    +7.5199E-01    +6.1537E-01
    +8.7940E-01    -1.4018E-01    -8.9140E-01    +3.0132E-01    +3.1677E+00    +1.3455E+00
    +9.3060E-01    -5.6728E-02    -2.0638E+00    -5.7262E-01    +2.6148E+00    +1.5139E+00
    -5.1388E-01    +6.6104E-02    +1.6448E+00    +3.5905E-01    -1.1965E+00    +2.1624E+00
    -1.3699E+00    -4.7200E-01    -1.3505E+00    -9.6418E-01    +1.1978E+00    +1.6569E-01
    -7.3006E-01    +1.4035E-01    +1.8667E+00    +2.1183E+00    +2.5132E+00    -2.2414E+00
    +9.0242E-02    -3.8403E-01    -6.3707E-01    -4.8935E-01    -9.4324E-01    -1.0737E-01
    -6.3521E-01    +7.7943E-01    +4.5124E-01    -1.7931E+00    +1.4852E+00    -6.5443E-01
    +4.7454E-01    +3.4305E-01    +1.0104E+00    +1.5163E+00    +3.1073E-02    -2.1078E+00
    -3.5550E-01    +1.0257E-02    +2.3243E+00    +3.1143E+00    +5.3018E-01    -6.5331E-01
    +3.1562E-01    -4.2915E-01    +5.9979E-01    -1.8802E-01    +7.0901E-01    -8.1282E-01
    -1.7053E-01    +2.9840E-01    +7.6058E-01    +2.1177E+00    +2.8257E-01    -3.2240E+00
    -5.5181E-01    +8.3037E-01    -6.4776E-01    -3.1628E-01    +1.4344E+00    +1.2911E+00
    +2.2277E-01    -3.9250E-01    +1.5251E+00    +2.5434E+00    +4.5414E-02    -2.4286E-02
    +8.0432E-01    +7.2999E-01    -1.6575E-01    -1.1441E+00    +1.3802E+00    -6.3370E-01
    -3.5890E-01    +3.7175E-01    +1.1841E-01    -2.3339E+00    -9.0248E-01    -6.0207E-01
    +1.0340E-01    -7.0077E-01    +2.0681E+00    +2.3725E+00    -6.5418E-01    -1.1244E-01
    -1.4684E+00    +1.8638E-01    +7.0088E-01    -9.7706E-01    +5.1602E-01    +3.3877E-01
    -3.9526E-01    +7.6037E-01    +8.6797E-01    +1.0008E+00    -3.8778E-01    +1.0660E+00
    -5.4954E-01    +4.6591E-01    +1.3163E+00    -4.4780E-01    +5.1135E+00    -1.3941E+00
    -6.0446E-01    +3.2266E-01    -6.3642E-02    +1.1654E+00    +4.2844E+00    -2.4856E+00
    +3.6900E-02    +8.3699E-01    -1.5044E+00    -1.2781E+00    -6.1688E-01    -5.4663E-02
    -5.3799E-01    +9.0812E-01    +3.6774E+00    +2.1730E+00    +7.1172E-01    -6.6919E-01
    -1.1052E+00    -7.9030E-01    +1.9830E+00    +9.7850E-01    +7.5954E-01    -5.8538E-01
    -5.6750E-01    -8.6698E-02    +1.9375E+00    -1.6056E+00    +1.1322E+00    -1.8363E+00
    -1.2412E-01    -1.2573E+00    +1.7816E+00    +1.7302E+00    +3.5116E+00    +2.4978E+00
    -4.7830E-01    -1.9463E-01    -1.1628E+00    -1.1524E+00    -1.1747E+00    -6.8540E-02
    -5.8127E-01    +3.7892E-01    +1.2776E+00    -7.9122E-01    -1.2498E+00    -1.5373E+00
    +8.9688E-01    +7.2073E-01    -1.9666E+00    +1.2386E+00    -2.4017E+00    +8.7059E-01
    +1.7669E-01    -2.3840E-01    +6.7287E-01    +2.8003E-02    -8.5433E-02    -2.8594E-03
    +3.8681E-01    -8.7594E-01    +1.4040E+00    -3.2200E+00    -6.0269E-01    +1.1514E+00
    +6.0684E-01    +8.4367E-02    +1.6255E+00    +1.5737E+00    +2.5474E+00    +1.1657E+00
    -1.2746E-01    -2.4067E-01    -2.0024E+00    -9.8248E-01    -7.2688E-01    +7.8976E-01
    +9.2497E-01    -5.1468E-01    +6.3328E-02    -2.7176E+00    +1.0916E+00    +1.6444E+00
    -7.2295E-01    -5.5283E-01    -3.0841E+00    -1.6893E-01    -2.4123E+00    -6.2848E-01
    +1.0264E+00    -6.3845E-01    +1.2404E-01    -1.2086E+00    +4.2571E-01    -3.3911E-01
    -2.2696E-02    -1.2046E-01    -8.6628E-02    -5.3609E-01    +4.5790E-01    -1.4239E+00
    -4.3675E-01    +4.8497E-01    +4.1361E+00    -6.1446E-02    +1.1481E+00    -2.2645E-01
    +6.1442E-01    -7.4177E-01    -3.9671E-01    -1.3556E+00    +3.2967E+00    -3.1618E+00
    -2.8817E-01    +1.5800E-01    +1.1829E+00    -1.1771E-01    -4.0581E+00    -3.1380E+00
    -4.7029E-01    +1.3508E-01    -1.6764E+00    +1.7759E+00    +7.1074E-01    -4.3410E-01
    -3.5644E-02    +5.3652E-01    +1.2905E+00    -1.9168E+00    -1.7944E-02    +7.4834E-01
    +3.2876E-01    +4.6625E-01    -1.3122E+00    -2.1983E-01    -1.3110E+00    +8.3343E-01
    +4.7799E-01    -2.9500E-01    -1.4709E+00    -4.5032E-01    -1.9424E+00    -2.5468E+00
    +1.1430E+00    -9.2073E-02    +5.3028E-01    -3.6671E+00    -3.2358E+00    +3.3056E+00
    +3.9316E-01    +4.2197E-01    +1.4809E+00    -5.6273E-01    -1.1510E-01    +8.9895E-01
    -1.1604E+00    +6.3816E-01    -8.5231E-02    +3.2282E-01    -4.3470E-01    -6.5854E-02
    -1.6255E-01    -1.7351E+00    -1.3110E+00    +9.8695E-01    +1.6524E+00    -9.0228E-01
    -6.8048E-02    -5.2244E-02    +1.9829E+00    -1.3170E-01    +1.5950E-01    -3.8791E-01
    -1.6238E-02    -3.2724E-01    -8.7893E-01    -7.3752E-01    -2.1087E+00    -3.0345E-01
    +2.0295E-01    +3.4067E-01    +2.2536E-01    +3.5486E+00    +1.0401E+00    -1.4909E+00
    +1.6220E-01    -6.8713E-01    +2.3512E+00    -1.0997E+00    -2.2711E-01    -2.8342E+00
    -3.7148E-02    -2.5910E-01    +1.9208E+00    -4.1426E-02    -5.8172E-01    -1.4408E+00
    +4.7648E-01    -1.2266E-02    -5.8556E-01    -5.4875E-01    +8.3238E-01    +1.3501E-01
    -5.1805E-01    -2.6452E-01    +7.9043E-01    -1.8099E+00    +7.7138E-01    -4.5310E-01
    -1.0723E+00    -2.6900E-01    -4.1122E-01    +1.5280E-01    -1.3347E+00    -1.9435E+00
    -5.8864E-01    +5.0888E-01    +2.0515E+00    +1.5666E+00    -9.8273E-01    +8.8291E-01
    -5.0300E-01    -9.1233E-02    +7.6249E-01    +1.3096E+00    -8.7867E-01    +2.7176E-01
    +5.1834E-01    +7.5399E-01    -3.2111E-02    -6.8947E-02    -3.2740E-01    -4.1229E-01
    -4.6277E-01    +7.1443E-01    -1.1508E+00    +1.9241E+00    +4.3639E-01    -9.3313E-01
    +4.5714E-01    -5.3580E-01    +3.8378E+00    -1.2448E+00    -1.4935E-01    +9.7841E-01
    -8.1616E-04    +3.3750E-01    +1.2964E+00    +2.1483E+00    -1.7593E+00    -9.0891E-02
    +1.6052E+00    -1.7028E-01    -6.8791E-01    +1.9223E+00    +3.3176E+00    +1.4395E+00
    +4.0376E-01    +2.5024E-02    +5.1914E-01    +1.7344E+00    +4.6550E-01    +6.3667E-01
    +1.7289E-01    +4.7120E-01    -2.0694E+00    +1.6945E+00    -1.6431E-01    -1.2094E+00
    +1.3670E-01    -9.7735E-01    +1.4066E+00    +6.2839E-01    +3.2705E-02    -1.1268E+00
    +3.1529E-01    -9.0839E-01    +4.0531E-01    +3.4977E-01    -2.7687E+00    -3.4146E+00
    -5.4546E-01    -1.8868E-01    +1.0836E-01    +7.9045E-02    -1.6101E+00    -4.8108E+00
    -2.3565E-01    +2.9907E-01    +3.3667E+00    +4.1339E-01    -3.4228E-01    +7.5381E-01
    +7.1024E-01    -1.0164E+00    +5.8183E-01    +7.5433E-02    -2.6404E+00    -2.0328E+00
    -3.2291E-01    +4.3427E-01    +1.8359E+00    +5.2887E-01    +9.3915E-01    +3.4871E-01
    -1.8665E-01    -6.4705E-01    -2.5920E+00    -2.2618E+00    +1.1309E+00    -4.6201E-01
    +1.2995E+00    -1.1529E-01    +7.1395E-01    -3.5869E-01    +4.6240E-01    +1.0289E+00
    -5.6985E-01    +1.9916E-02    +7.4733E-02    +1.1932E+00    -2.0767E+00    +1.5853E+00
    -6.0253E-01    +3.9912E-01    +1.4238E+00    +2.2870E+00    +1.1777E+00    +2.4031E+00
    +4.4832E-03    -7.7252E-01    -2.2255E+00    +1.5161E+00    -3.4733E-01    -7.5947E-01
    -7.8172E-01    -7.8478E-01    +1.5299E+00    +2.4763E+00    +9.1010E-01    -8.3648E-01
    +2.5354E-01    +3.3160E-01    -1.9132E+00    +4.7705E-01    +3.4747E+00    -2.8480E+00
    +7.3727E-01    +2.3593E-01    -1.3881E+00    -7.9871E-01    -1.9790E+00    +5.9948E-01
    -6.6400E-01    +1.0508E-01    +1.6719E+00    +2.4800E-01    +3.0915E-01    -1.0293E+00
    +8.5803E-01    +8.7172E-02    +9.4419E-01    +1.5786E+00    -6.4751E-01    -1.3651E+00
    +5.8772E-01    +5.1224E-01    +3.4262E+00    +7.3505E-01    +1.1123E+00    +1.5049E+00
    -3.6169E-01    +1.0284E-01    -1.0216E+00    -1.8847E+00    -2.3936E+00    +5.7259E-01
    +2.0898E-01    -7.1755E-01    -6.5730E-01    -7.6848E-02    -7.9026E-01    +1.0012E+00
    -8.8508E-02    -1.7057E-01    -7.5796E-01    -2.3675E+00    +2.6019E+00    +2.9347E+00
    -8.5265E-01    +5.7024E-01    -2.0909E-01    -9.0808E-01    -2.7613E-01    +7.4122E-01
    +2.3358E-01    -2.8196E-01    +5.1109E-01    +1.8610E+00    +5.5426E-01    -1.5528E+00
    -3.2356E-01    -4.0559E-01    +2.2136E+00    -1.0605E-01    +2.3135E+00    +1.4334E+00
    +1.0927E+00    -7.5920E-01    -1.9380E-01    -1.1704E-01    -1.2082E+00    -7.5418E-01
    -1.7723E-01    +2.9800E-01    -8.5550E-01    +1.3996E-01    -6.3859E-01    -7.7771E-01
    +3.5814E-01    -3.5925E-01    +3.0418E-01    +6.3510E-01    -1.4220E+00    -9.3255E-01
    -4.5314E-01    -3.0425E-01    +3.3967E-01    -1.7088E-01    -7.4533E-01    +2.0894E+00
    -2.4431E-01    -9.7300E-01    -3.3621E-01    +6.9185E-01    -9.7938E-01    +1.0747E+00
    +7.8812E-01    -1.1209E+00    +1.2688E+00    -8.3079E-01    +1.4506E+00    +1.3240E+00
    +1.8754E-01    -8.5611E-01    -5.3192E-01    +6.2104E-02    -4.1334E-01    -5.9531E-01
    -8.8556E-01    -6.7666E-01    +1.0244E+00    +6.0935E-01    +1.4383E-01    -5.7797E-01
    +7.4291E-01    -9.4953E-01    -9.3403E-01    -9.0144E-01    -1.7461E+00    +8.5643E-01
    +1.2912E+00    -5.3103E-01    +1.3633E+00    -4.0746E-01    -2.8561E-01    -1.3806E+00
    +4.1742E-01    +1.0185E+00    +2.7880E+00    -6.1258E-01    -1.0505E+00    -1.3534E+00
    +9.5007E-01    -4.7175E-02    -4.4275E+00    -1.0435E+00    -2.3643E-01    +5.0520E-02
    -3.9440E-01    -6.7981E-01    +1.4774E+00    +1.1032E+00    +2.5366E-01    -2.0971E+00
    +2.8990E-02    +5.3268E-02    -6.8963E-01    -3.2885E+00    +2.5626E-01    +9.5760E-03
    +1.2294E-02    -1.5302E-01    +4.6404E-03    +3.5932E-01    +5.7741E-01    +3.0237E-01
    -6.5738E-01    -3.7285E-01    +1.6681E+00    -8.6574E-01    -3.3023E+00    +5.5027E-01
    -3.7616E-01    +1.5223E-01    -1.2866E+00    -6.7063E-04    +1.4667E+00    +8.7993E-01
    -1.7348E-01    -1.8763E-01    +2.3767E+00    +1.1987E+00    +4.7905E-01    +1.4516E+00
    -3.0194E-01    +1.3925E+00    +1.0341E+00    +5.0660E-02    -1.2557E+00    -2.1948E+00
    -2.3095E-02    -4.6204E-01    -7.2559E-01    -9.0004E-02    +7.6134E-02    -8.6444E-01
    -3.4967E-01    +2.2384E-01    -1.4742E-01    +2.0133E+00    +1.1773E+00    -1.8444E+00
    +5.2345E-01    +4.2125E-01    -1.7362E+00    -1.2628E+00    -1.0475E+00    +2.3240E-01
    -3.7848E-02    -5.0759E-01    +1.3060E+00    -7.6903E-01    -2.8777E+00    -1.5980E-01
    +1.1309E-01    -3.3004E-01    -3.1057E+00    -2.0944E+00    +1.1512E+00    +9.2898E-01
    -6.0385E-01    -2.1512E-02    +1.3506E+00    -9.4788E-01    +1.9928E+00    +6.4305E-01
    -1.9073E-01    +1.1668E+00    -3.3026E+00    +1.4056E-02    -1.4173E+00    +5.1999E-01
    -8.6271E-01    +6.0657E-01    -2.0224E-01    +1.1149E+00    +7.1837E-01    -1.8635E+00
    +1.2545E+00    +4.5931E-01    -6.2693E-01    +1.7225E+00    -1.2554E+00    +1.4076E+00
    +3.6348E-01    +2.8832E-01    +4.6570E-01    -3.4626E-01    +7.3573E-01    -1.8505E-01
    -8.5132E-01    -1.0038E-01    +1.0906E+00    -3.1742E-02    -7.4032E-01    -6.9411E-01
    -1.8003E-01    -5.2096E-01    +1.3430E+00    -1.8439E-01    -6.6938E-01    +5.0265E-01
    +1.8611E-01    +7.3336E-01    +7.5389E-01    +1.2564E+00    +4.8867E-01    -2.5086E+00
    +4.2969E-01    -5.4083E-02    +7.5009E-01    -4.1046E-01    +1.8176E-01    +1.5356E-01
    -2.5802E-01    +1.0037E+00    -1.0448E+00    +6.7461E-01    +1.5740E+00    +2.3047E-01
    +6.5847E-01    +5.2118E-01    -6.3253E-01    -1.4915E-01    +6.0916E-01    -2.4703E-01
    +3.9287E-01    -1.9659E-01    +4.5754E-01    +9.2830E-01    -1.2314E+00    -1.7838E+00
    +2.2991E-01    +7.9419E-01    -3.0207E-01    +7.3487E-01    +7.6338E-02    -1.3446E+00
    -3.7724E-01    -4.6233E-01    -2.1019E+00    -2.0242E-01    -3.6958E+00    +6.9112E-01
    +4.1079E-01    -5.4839E-01    +4.4027E-01    -3.8917E-02    +1.2405E-01    +8.7150E-01
    +1.0796E-01    +1.4707E-01    +1.6511E+00    +5.3361E-01    +3.6959E-01    +3.1050E-01
    -3.6028E-01    +1.1238E+00    -7.3768E-01    -1.4384E+00    -1.0292E-01    -5.1753E-01
    -6.0153E-01    +1.0948E-01    +1.3514E+00    +8.0102E-01    -4.7357E-01    +1.9461E-01
    -1.1752E-01    +2.5638E-01    +8.9291E-02    +2.2526E+00    +1.3892E+00    -2.2527E+00
    +8.8117E-01    +5.7191E-01    -1.5359E+00    +1.5335E+00    +9.7928E-01    -5.6271E-01
    -4.5125E-01    -1.5808E-01    -9.3402E-01    -9.8245E-01    -7.1320E-01    -1.2368E+00
    -1.0447E+00    -2.6327E-01    +8.4836E-01    -2.2945E+00    -2.1064E+00    +1.8370E+00
    -9.0063E-01    +4.9155E-01    -7.6761E-01    +3.3089E+00    -4.6615E-01    -4.1365E-01
    -4.5332E-01    +1.1380E-01    -1.6461E+00    -1.2357E+00    +2.7707E-01    +7.5049E-01
    +1.1890E-01    -1.0416E+00    -4.1168E-01    -5.3636E-02    +2.4470E+00    -1.9054E+00
    +5.1751E-01    -2.1882E-01    +3.2319E-01    +3.4383E-01    +1.4809E+00    +1.0803E+00
    -3.6294E-01    +4.1616E-01    -2.0983E+00    +3.9049E-01    -2.4437E+00    -1.5845E+00
    -5.1065E-01    +5.1952E-01    -5.7591E-01    +8.3287E-01    -2.7003E-01    +1.6644E-01
    +4.2804E-01    -2.0052E-01    -4.8094E-01    +1.7076E+00    +2.9225E+00    +5.0936E-02
    -3.7561E-01    +2.7298E-01    +6.5857E-01    -1.5996E+00    -1.8447E-01    +8.1617E-01
    -9.0791E-01    -2.6754E-01    +1.0652E+00    -1.1717E+00    -1.7946E+00    +1.0188E+00
    -8.8339E-02    -2.9484E-01    -2.4635E-01    +2.0419E-01    -1.9249E+00    +1.8101E+00
    +4.8153E-01    -7.5093E-01    +1.4664E+00    +1.3227E+00    -2.4928E+00    -1.5220E+00
    -7.0741E-01    +1.0311E-01    -8.7531E-01    +1.8831E+00    +5.3667E-01    +6.1740E-01
    +3.3913E-01    +9.4995E-02    -1.4256E-01    -2.0238E-01    -6.7154E-01    -6.0327E-01
    +7.5912E-01    -3.9934E-01    +4.9498E-01    +1.2899E+00    -1.5145E+00    -6.2059E-01
    -3.1775E-01    +1.1979E+00    +1.6056E+00    -1.7780E+00    +6.5575E-02    -7.2233E-02
    -5.5741E-01    +5.3211E-01    +8.3321E-01    -6.7702E-01    -5.2190E-01    -3.9568E-01
    -2.8686E-01    -9.3201E-01    +9.3971E-01    -1.0806E-01    +4.2871E-01    +3.0176E+00
    +4.4222E-01    -6.7068E-01    -1.5902E+00    -6.4149E-01    -2.9849E-02    +2.5092E-01
    -4.1769E-02    +1.8542E-01    +7.8266E-01    +8.2216E-01    -3.2469E-01    +1.6137E+00
    -5.7740E-02    +1.2453E+00    +3.7238E+00    -2.5521E+00    +2.5088E-02    -1.7723E-01
    +6.5333E-01    -6.9782E-01    +3.3017E+00    +1.9623E-01    +1.3307E+00    +1.1088E+00
    +8.0931E-01    -1.6765E-01    -1.9965E+00    -2.1214E+00    +2.1546E-01    -5.3667E-01
    -8.6743E-01    +2.4049E-01    +2.7730E-01    -6.1522E-01    -3.2644E+00    +3.6740E+00
    +8.4644E-01    -3.2749E-01    +2.3070E+00    +1.8748E+00    -8.9630E-01    +1.0723E+00
    -7.2614E-02    -1.3614E-01    +3.3543E-01    +6.6545E-01    -1.5733E+00    +1.0969E+00
    +9.5511E-02    +6.1587E-01    +1.0740E+00    +1.5963E+00    +7.2853E-02    -6.8597E-01
    -3.8192E-01    +7.2649E-01    -2.0540E-01    -4.6219E-01    +2.2138E+00    -1.3313E+00
    -5.0719E-01    +1.0479E-01    +1.6460E+00    -3.9718E-02    +2.0185E+00    +2.5218E+00
    -7.3756E-01    -2.5483E-02    +2.6664E+00    +1.1378E+00    +4.7585E-01    +9.5507E-01
    +7.9214E-01    +4.8901E-01    -1.5801E+00    -2.0207E+00    +3.0579E-01    -1.8544E-01
    -5.5826E-01    +1.3732E+00    +1.9885E+00    -9.2701E-02    -5.2064E-01    -2.2728E-01
    +1.9198E-01    +1.1609E-01    -2.5887E-01    +2.3906E+00    +1.9311E-02    -5.5795E-01
    -7.0212E-01    +1.6427E-02    -1.3238E-01    -1.4034E+00    -4.9563E+00    -1.4860E+00
    -1.4072E-01    -3.0390E-02    -3.0166E+00    +3.3815E-01    -7.5899E-01    -2.7302E-01
    +1.0531E-01    +2.8911E-01    -1.7688E+00    -1.1400E+00    +1.8926E-01    -7.7095E-01
    -3.4088E-01    +4.5206E-01    +1.2351E+00    +2.4290E+00    +2.0312E+00    -6.9682E-01
    +1.3493E+00    -4.2206E-01    -1.3155E+00    -2.1506E+00    +4.3097E-02    +6.5098E-02
    -4.2104E-02    -7.3911E-01    -6.6008E-01    +3.9490E+00    +1.3534E+00    -3.0250E-01
    +4.9162E-01    +5.6302E-01    +8.6655E-01    +2.4166E+00    +9.4269E-01    -1.2298E-01
    -6.8569E-01    +2.9698E-01    -2.7156E+00    +5.2583E-01    -1.4937E-01    +2.0611E-01
    +4.3443E-02    +7.2165E-01    -1.0421E-01    -9.5947E-01    +2.2057E-01    -1.5718E+00
    +7.2634E-01    -3.0658E-01    +2.3820E+00    +1.9099E+00    +2.6465E-01    -1.2154E+00
    -5.6439E-01    +6.3836E-01    +1.6183E-01    +5.1996E-01    +1.2282E+00    -2.7230E+00
    -7.5764E-01    -1.5960E-01    -3.7575E-01    +3.7156E-02    -4.3308E+00    -3.4219E-01
    -3.9500E-01    -1.1833E+00    +1.2518E+00    -1.1859E+00    +2.3586E+00    +1.2033E+00
    -1.2318E+00    +3.2190E-01    +2.3813E-01    +3.1641E-01    +1.4009E+00    +3.3520E-01
    -5.6215E-01    -8.4443E-01    -1.6711E-01    -3.2475E-01    -2.4057E-01    -3.7513E-01
    +1.8914E-01    +8.4636E-01    -1.8194E+00    -4.5114E-01    +2.6476E-01    -1.2923E-01
    -2.7446E-01    -9.9872E-02    -1.3717E+00    -1.5882E+00    +4.1345E-01    -6.1762E-01
    -1.3223E-03    +4.5808E-02    -1.9768E+00    -1.5904E+00    +1.3737E+00    -5.1730E-01
    +2.3926E-01    +7.0947E-02    -2.8057E+00    -2.4420E+00    +1.6930E+00    +1.8660E-01
    -6.4496E-01    +3.2362E-01    -1.7351E-01    +6.2725E-01    +8.5839E-01    -1.3848E+00
    +7.2891E-02    -5.5547E-01    +9.9663E-01    +1.4159E+00    -4.4416E-01    +6.0404E-01
    +4.4304E-01    +4.9344E-01    -7.6317E-01    -5.5567E-01    +2.1802E-01    -9.2178E-01
    -3.0146E-01    +9.4215E-01    +3.1215E-01    -2.3494E+00    +1.4926E+00    +2.0619E-01
    -9.7848E-01    +2.0193E-01    -7.5480E-01    +3.2916E-01    +8.9868E-01    -6.9109E-01
    -2.4454E-01    -2.7693E-01    +1.2665E+00    -6.9169E-01    +1.8088E+00    +6.5939E-01
    -1.3005E+00    -3.0838E-01    -3.0547E-02    -5.8163E-01    -3.6101E-01    -1.8326E-01
    +9.5878E-01    +5.5277E-01    +1.7410E+00    -1.1573E+00    -4.2012E-01    -4.5906E-01
    -6.5637E-01    -2.0355E-01    +3.6676E+00    +4.2817E+00    -2.1799E+00    +2.2102E+00
    +4.3673E-01    -4.3860E-01    +6.6145E-01    +2.1149E+00    -4.6806E-01    +6.9878E-01
    -1.2055E+00    -1.1878E-01    +1.7223E+00    -8.3545E-01    +1.4822E+00    +1.0679E+00
    -8.9734E-02    +8.3916E-01    -2.8276E+00    +2.7008E+00    +5.4210E-01    +1.3105E+00
    +9.8443E-01    +8.4874E-01    -1.2346E-01    +1.0129E+00    -1.6993E-01    +1.5238E-01
    +7.3200E-01    +3.1775E-01    +1.7449E+00    -3.7817E+00    +4.1510E+00    +3.2616E-01
    +3.1557E-02    -7.8662E-02    +2.7361E+00    +2.6149E+00    +2.3550E+00    +2.7858E+00
    -6.7560E-01    +1.8959E-01    -3.2471E+00    +8.7973E-01    -5.0621E-01    -5.5934E-01
    -8.5727E-01    +4.5561E-01    +1.1818E+00    +1.1205E+00    -9.0547E-01    -1.3620E+00
    +2.0924E-01    +3.6613E-01    +1.1005E+00    +4.4794E-01    +9.5932E-01    +7.2726E-01
    -3.6759E-01    +1.2760E+00    +1.8196E+00    +3.5665E-01    -2.3969E+00    +3.4707E+00
    -5.9869E-01    +1.8627E-01    +3.8633E-01    -2.3234E+00    +8.7717E-01    +1.7941E+00
    -1.2650E-01    -7.5555E-03    -1.8148E+00    -1.3841E+00    +3.4332E-02    -3.7719E-01
    +1.0568E-01    -5.5958E-01    +1.9694E-01    -8.7605E-01    -1.5188E+00    -3.6971E+00
    +4.9076E-01    -4.2819E-01    +1.6302E+00    +4.8139E-01    -1.0170E+00    +1.9071E-02
    -3.6757E-01    +1.6426E-01    -1.6150E-01    -1.3066E-01    -1.1422E+00    +6.8281E-01
    -8.9431E-01    +8.5242E-02    +1.4765E+00    +1.3566E+00    +1.1448E-01    +8.8059E-01
    -2.4739E-01    +7.3476E-01    -1.0560E+00    +7.7928E-01    +1.2142E-01    -5.0886E-02
    -5.2982E-01    -5.6144E-01    -2.3792E-01    +8.1066E-01    -6.6391E-01    -6.0371E-01
    -6.9642E-01    +8.4453E-01    +6.6961E-01    +2.7705E+00    -1.5916E+00    -2.0312E+00
    -7.7405E-02    +6.7203E-01    +1.0069E+00    +3.9477E-01    +3.5386E-01    +4.0787E-01
    +7.6920E-02    +1.3857E+00    -1.0721E+00    -9.5687E-01    -2.4340E+00    +2.1548E+00
    +1.2943E-02    +3.1004E-01    -3.1341E-01    +4.2225E-02    -4.2247E-01    +7.4351E-01
    +1.7053E-02    -2.0300E-01    +6.6252E-01    -2.3013E+00    +3.5979E-01    +1.5526E-01
    -7.2734E-01    +7.3270E-01    +2.2321E-01    -3.9811E-02    -1.0701E-01    -2.6510E+00
    -2.8636E-02    -1.0354E+00    -5.2414E-01    -4.2008E-01    -5.3122E-01    +3.3255E+00
    -2.6561E-01    -9.5634E-02    -1.9555E+00    -8.5532E-01    +4.8794E-02    -2.6438E-01
    -1.7072E-02    +1.2455E-01    -9.7773E-01    +2.4902E+00    -2.6248E+00    +1.9217E+00
    -2.0538E-01    +4.1736E-01    +7.2899E-02    +8.4774E-01    +1.3071E+00    -1.4820E+00
    -1.1425E+00    +3.6194E-01    -7.3709E-01    +3.9932E+00    -2.4819E+00    +1.9883E+00
    +9.4519E-01    +4.4428E-01    -1.5716E+00    -4.2906E-01    +1.2062E+00    -1.2051E+00
    -3.5056E-01    -6.4787E-01    +8.4192E-01    +8.2178E-01    +2.0028E-01    +5.2967E-01
    -8.2568E-01    +6.2772E-01    +2.6196E+00    +1.0815E-01    +5.7021E-01    +1.2953E+00
    +8.0408E-01    -1.2629E-01    -3.5075E-01    +1.2908E+00    -2.3329E-01    +3.2065E+00
    -2.5069E-01    +2.1188E-01    -1.2035E+00    -1.8145E+00    +9.4201E-02    +1.0142E+00
    +5.3960E-01    -9.4457E-01    -6.9117E-01    -6.9111E-01    +1.1165E+00    -1.8671E+00
    +1.2291E-01    +1.5364E-01    -2.3307E+00    +2.1569E+00    +4.3131E-01    -4.9572E-03
    -8.3955E-02    +3.9482E-01    -1.7017E+00    +2.0250E+00    -9.9601E-01    +5.1683E-01
    +5.3254E-01    +4.3555E-01    -2.9099E-01    +1.0022E-01    +1.2612E+00    +9.2758E-01
    +4.7862E-01    -4.6453E-01    +1.0911E+00    -1.3604E+00    +6.8862E-01    +4.8980E-01
    -5.7715E-01    -4.4004E-01    -3.7986E-01    +8.2723E-01    +5.3186E-02    -4.5618E-01
    +2.4437E-01    -6.6215E-01    +2.1399E+00    +7.8350E-01    +2.2662E-01    -1.1976E-01
    +3.8523E-01    +1.1208E+00    +3.1390E-01    +1.7665E+00    -8.8389E-02    +1.2795E-02
    -4.1840E-01    -5.9888E-03    -5.7975E-01    +1.5657E+00    -1.0181E-01    +9.8501E-01
    +2.5019E-01    +1.5220E+00    -9.9172E-01    +1.6133E+00    +9.4522E-01    +1.1476E+00
    +4.1189E-01    -1.4522E-02    +1.4600E+00    +1.9192E+00    +5.5016E-02    -1.4969E+00
    +6.1356E-01    -9.1835E-02    -3.4132E-01    +9.7199E-01    +3.3967E-01    -9.3461E-01
    -5.9218E-01    +7.4727E-01    +8.0987E-01    +4.6823E-02    +1.0467E+00    +6.2650E-01
    +4.9876E-02    -3.0588E-01    -2.3778E+00    +5.1976E-01    -9.0985E-01    -5.3890E-01
    -4.8051E-02    +2.3000E-01    +6.1137E-02    +2.0174E+00    -6.0573E-01    +1.7798E+00
    +2.6596E-02    +1.6671E+00    -3.0864E+00    -6.3767E-01    -8.7746E-02    +6.9710E-01
    +1.2733E-01    -2.3931E-01    -3.3740E+00    -1.2199E+00    +3.4191E-01    +2.0121E-01
    -4.5257E-01    +5.2235E-01    -1.2673E+00    -2.5145E+00    -3.0810E-01    +9.3227E-01
    -1.0530E+00    +5.2352E-02    -1.3628E-01    +7.7951E-01    +6.7094E-01    -8.1975E-01
    -2.1879E-01    +3.9214E-01    -1.1542E+00    -3.0677E-02    +1.0134E+00    +2.5094E+00
    +4.8711E-01    +5.4450E-01    -4.4471E-01    -7.1713E-01    -2.2328E+00    -3.3245E-01
    -2.0151E-01    +7.0508E-01    -1.1621E+00    -3.2051E+00    -4.2451E+00    -3.7487E+00
    +4.1508E-02    -5.9362E-01    +6.6019E-01    -3.2120E+00    +1.1320E-01    -2.9644E-01
    -1.9391E-01    -6.2070E-01    +2.5425E+00    -5.8023E-01    -1.8121E-01    +1.0302E+00
    -3.8354E-01    +5.4875E-01    +1.4071E+00    -1.3110E+00    -1.1018E+00    +7.0800E-01
    -4.8294E-01    +5.3756E-01    -3.2844E+00    +4.4514E-01    +4.9691E-01    +4.3462E-01
    +6.0134E-01    +4.7536E-01    -1.5941E+00    +1.8401E+00    +3.0491E-01    -3.1999E-01
    -9.8570E-01    +2.2388E-01    +2.3091E+00    +2.4328E+00    +8.4509E-02    -5.6065E-01
    +1.2806E+00    -3.8054E-01    +1.7627E+00    +3.1733E+00    +4.0808E-01    -5.1744E-01
    -4.1434E-01    +5.1799E-01    +8.8377E-01    -1.3311E+00    -1.0337E+00    -1.2765E+00
    -8.5780E-02    -2.1072E-01    -3.3538E-01    -2.4585E-01    -6.8380E-02    -2.1514E-01
    -1.7268E-01    +5.9886E-01    +1.0674E+00    +8.3032E-01    +1.8356E-01    -1.5275E+00
    +1.5990E-01    -1.2271E-01    -2.5755E-01    -2.0140E+00    -4.1601E-01    -1.3772E+00
    -1.6329E-01    +6.1341E-01    -3.4202E-01    -1.8213E-01    +1.2964E-01    +2.1035E-01
    +6.2106E-01    -9.4773E-01    -7.3735E-01    -1.9176E+00    -9.8390E-01    -9.8964E-01
    -3.5963E-01    -4.2284E-01    -1.3119E-02    +1.0964E+00    +6.6947E-02    +1.8972E-02
    +3.5412E-02    -5.6774E-02    -8.8498E-01    +3.4636E-01    -2.7766E-01    -1.9490E-01
    +4.7819E-02    +1.1110E+00    -4.6504E-01    +9.1304E-01    +6.6422E-03    +9.9235E-01
    +5.8057E-01    +1.9537E-01    +1.5897E+00    +1.3567E+00    +1.6170E+00    +1.3783E+00
    -7.3458E-01    -1.0550E+00    -2.9335E-01    +1.4179E+00    +2.7700E+00    +1.4450E+00
    +1.4448E-01    -4.1609E-01    +5.7113E-01    -1.0227E+00    -2.7066E+00    -1.5904E+00
    -3.6772E-01    -7.6675E-01    -3.2659E+00    +1.6625E+00    +1.8779E+00    +3.2865E+00
    +2.4391E-01    -6.9892E-01    +6.2520E-01    +1.5744E+00    +1.3801E+00    +7.4987E-01
    +6.0019E-02    -1.6272E-01    -1.6022E+00    -2.7283E+00    -1.2955E+00    -1.1361E+00
    -5.8614E-02    -1.8386E-01    +8.1786E-01    +1.9236E+00    +3.0440E+00    +9.1750E-01
    +3.3689E-01    +1.7300E-01    +3.0515E-02    +6.2037E-01    +1.1020E+00    -3.3864E-02
    -9.9977E-01    -5.0659E-01    +1.5950E+00    +1.3451E+00    -7.1153E-01    -6.8695E-01
    -2.6832E-01    +8.3380E-03    +4.0272E-01    +1.8457E-01    +1.7635E+00    -1.1788E+00
    +2.3953E-01    -8.3449E-01    -2.1174E+00    +1.2223E-01    +8.2332E-01    -5.1366E-01
    +1.3096E-01    -5.2375E-01    -2.6937E-01    -1.2153E+00    +1.1278E-01    +1.6690E+00
    -9.5530E-01    +5.0066E-01    +1.8297E+00    -1.7276E+00    +4.9465E-01    +1.2353E-01
    -1.4252E+00    +2.0374E-01    +3.3961E+00    +1.7961E+00    +1.8043E+00    -1.2048E+00
    +2.2206E-01    +3.0212E-01    -2.3648E+00    -1.0487E+00    -1.6328E+00    +6.9220E-01
    -5.9419E-01    +3.6786E-01    +1.5874E-01    -5.6963E-02    +1.4447E+00    -1.0806E+00
    +1.1363E-02    +4.8056E-01    -8.4425E-01    +1.9036E-01    +3.1876E+00    +2.7946E+00
    -8.3282E-01    -5.2430E-01    +2.1203E+00    +1.8806E+00    -3.2445E+00    -3.1837E-01
    +6.0264E-01    +5.3189E-01    +3.2622E+00    -5.9960E-01    -1.8971E+00    +8.6227E-01
    +4.8022E-01    +3.7844E-01    -8.1821E-01    +2.4714E-01    -5.4704E-01    -5.6318E-01
    +1.3163E-01    -5.1179E-01    +2.6783E-01    -1.5772E+00    -1.8971E-01    -1.8912E+00
    -2.8240E-01    +8.7901E-01    -3.7577E+00    -1.6842E+00    +1.1128E+00    -4.2074E-02
    -3.9311E-01    +6.6200E-01    -1.0806E+00    -1.6399E+00    -1.2829E-01    +4.6442E-01
    +2.0794E-01    -4.2155E-01    -1.0567E+00    -1.0449E-02    +3.1991E+00    +2.4109E+00
    +2.0329E-01    +7.2528E-01    +7.2894E-01    -3.6361E-01    -9.7279E-01    +1.0809E+00
    -1.9873E-01    +6.7991E-01    +1.8153E+00    +4.0468E-01    +9.7787E-01    +9.2025E-01
    +1.2431E+00    +1.5511E-01    -5.0646E-01    -1.4434E+00    +2.6259E-01    -6.2776E-01
    -6.1824E-01    -7.5387E-01    +2.5864E+00    +2.7865E+00    -8.6828E-02    +1.9092E-01
    -5.5812E-01    +3.3483E-03    -4.2106E-01    +1.7147E+00    +6.5548E-01    -1.4007E+00
    -5.3299E-01    -4.1152E-01    -9.0367E-01    +4.2738E+00    +4.9700E-01    -1.1144E+00
    -1.7962E-01    +4.0163E-01    +3.1325E+00    +4.0301E+00    -5.6407E+00    -1.3245E+00
    +3.8160E-01    -3.5675E-01    -1.6767E+00    +1.2039E+00    +1.6907E-01    +1.1836E+00
    +5.6562E-02    +3.5320E-01    +9.7178E-01    -8.9777E-01    +9.7554E-03    -6.7206E-01
    +3.7092E-01    +2.4243E-01    +4.6470E-01    -2.8726E-01    -4.7958E+00    +1.7604E+00
    -7.8924E-01    -2.3124E-01    -8.1730E-01    -3.1476E-01    -9.1491E-01    -1.6054E+00
    -1.0841E+00    -2.6605E-01    -6.5250E-01    -1.6462E+00    -8.6474E-01    +4.9891E-01
    +3.7822E-01    -1.9634E-01    -4.3461E-01    -6.1995E-01    +1.8292E+00    +2.6438E+00
    -9.1014E-01    +1.1075E-01    -1.0524E+00    +2.8762E+00    +3.4545E+00    -3.0626E+00
    -1.7648E-01    +1.3513E-01    +2.4296E-01    +1.0452E+00    +1.7437E+00    -2.7470E-01
    -3.1258E-01    -4.4830E-01    -1.9268E-01    +1.9951E+00    +5.8893E-02    -7.3301E-01
    +4.2640E-02    +5.3972E-01    -5.7868E-01    +7.7793E-01    -1.6458E+00    +1.8306E+00
    +2.0931E-01    +1.9506E-01    -3.0281E+00    +9.1198E-01    +1.2769E+00    -7.6940E-01
    +1.2812E-01    +5.9008E-01    +5.4071E-01    -7.3711E-02    -1.3097E+00    +2.1738E-01
    -2.8351E-01    +1.9360E-01    -3.7521E-01    -4.6905E-01    -1.4647E+00    +7.8825E-01
    -2.0558E-01    -2.7805E-01    -4.5166E-01    -8.8340E-01    -7.5102E-01    +5.9848E-01
    -8.2752E-01    +4.9782E-01    +6.6295E-01    +1.1375E+00    +8.1197E-01    -9.3099E-01
    +3.5056E-01    -1.3778E+00    +1.4020E+00    -1.9300E+00    -1.1327E+00    -6.7569E-01
    -2.3774E-02    -4.8221E-01    -3.8498E-01    +6.0951E-02    -1.5799E+00    -8.4104E-01
    +4.4068E-01    +5.6388E-01    -1.8650E-01    +2.5553E+00    -6.6953E-01    -1.6049E+00
    +3.0488E-01    -1.8197E-01    +1.7169E+00    +4.6975E-03    -2.2518E+00    +2.6829E+00
    +1.2593E+00    +1.7628E-02    -6.5565E-01    -2.0995E+00    +2.4425E-01    +7.9929E-01
    +1.1204E+00    -1.0520E-01    -6.8881E-01    -2.1146E+00    -6.7907E-02    -1.7386E-01
    -3.1352E-01    -3.7142E-01    -2.3201E-01    -1.5209E+00    -4.8819E-01    +1.7800E-01
