 Recover the real Signal {f(1),....f(76)} with f(40)=...=f(76)=0
 and f(1)=+0.25000 f(39)= +1.50000
 from the real Part of its Fourier Transform:
     -8.480252E-02
     -9.913921E-01
      2.333341E+00
     -1.092162E+00
      1.514173E+00
     -1.920319E+00
      1.575284E+00
     -9.488827E-01
      1.553805E+00
     -1.509492E+00
      1.458424E+00
     -1.412168E+00
      2.222196E+00
     -1.406395E+00
      1.735206E+00
     -1.022189E+00
      1.727986E+00
     -1.196751E+00
      1.919704E+00
     -1.083376E+00
      2.014876E+00
     -1.520177E+00
      1.796439E+00
     -1.088051E+00
      1.715455E+00
     -1.185911E+00
      1.902206E+00
     -1.390011E+00
      1.634593E+00
     -1.333692E+00
      1.752405E+00
     -1.079540E+00
      1.818298E+00
     -1.199174E+00
      1.781027E+00
     -1.115313E+00
      1.802185E+00
     -1.255004E+00
      2.069596E+00
     -1.255004E+00
      1.802185E+00
     -1.115313E+00
      1.781027E+00
     -1.199174E+00
      1.818298E+00
     -1.079540E+00
      1.752405E+00
     -1.333692E+00
      1.634593E+00
     -1.390011E+00
      1.902206E+00
     -1.185911E+00
      1.715455E+00
     -1.088051E+00
      1.796439E+00
     -1.520177E+00
      2.014876E+00
     -1.083376E+00
      1.919704E+00
     -1.196751E+00
      1.727986E+00
     -1.022189E+00
      1.735206E+00
     -1.406395E+00
      2.222196E+00
     -1.412168E+00
      1.458424E+00
     -1.509492E+00
      1.553805E+00
     -9.488827E-01
      1.575284E+00
     -1.920319E+00
      1.514173E+00
     -1.092162E+00
      2.333341E+00
     -9.913921E-01
