 Recover the real Signal {f(1),....f(74)} with f(39)=...=f(74)=0
 and f(1)=+0.10000 f(38)= +0.50000
 from the imaginary Part of its Fourier Transform:
      0.000000E+00
     -2.199726E+00
      1.473146E-01
      1.015438E-02
      3.163327E-01
      2.648188E-01
      4.718234E-01
     -2.023250E-01
     -5.042112E-02
     -1.149630E-02
     -3.400409E-01
      3.805941E-02
     -2.119709E-02
     -8.930634E-02
     -2.580623E-01
      9.096614E-02
      1.301047E-01
     -1.387129E-01
     -3.369454E-02
      2.460288E-02
      1.637642E-01
     -2.019329E-01
      4.868473E-02
     -1.687283E-01
      4.515972E-02
      1.332790E-01
     -1.154397E-02
      1.787451E-01
     -1.565200E-01
     -7.344382E-02
      1.453171E-01
     -9.718645E-02
     -1.127554E-01
     -4.486649E-02
     -1.749695E-01
     -3.350469E-02
      1.227727E-01
      0.000000E+00
     -1.227727E-01
      3.350469E-02
      1.749695E-01
      4.486649E-02
      1.127554E-01
      9.718645E-02
     -1.453171E-01
      7.344382E-02
      1.565200E-01
     -1.787451E-01
      1.154397E-02
     -1.332790E-01
     -4.515972E-02
      1.687283E-01
     -4.868473E-02
      2.019329E-01
     -1.637642E-01
     -2.460288E-02
      3.369454E-02
      1.387129E-01
     -1.301047E-01
     -9.096614E-02
      2.580623E-01
      8.930634E-02
      2.119709E-02
     -3.805941E-02
      3.400409E-01
      1.149630E-02
      5.042112E-02
      2.023250E-01
     -4.718234E-01
     -2.648188E-01
     -3.163327E-01
     -1.015438E-02
     -1.473146E-01
      2.199726E+00
