  Recover the  real Signal {f(1),....f(75)} with f(39)=...=f(75)=0 and f(1)=+0.10000 
 from the imaginary Part of its Fourier Transform:
      0.000000E+00
     -2.204596E+00
      1.138573E-01
      2.120021E-02
      2.977412E-01
      2.623504E-01
      4.739260E-01
     -1.355969E-01
     -1.157921E-01
      5.071220E-02
     -3.543070E-01
     -6.760135E-04
      2.420367E-03
     -7.380594E-02
     -2.405336E-01
     -1.365738E-02
      2.038235E-01
     -1.351326E-01
     -3.612013E-02
     -3.201322E-02
      1.977002E-01
     -1.410884E-01
     -3.117596E-02
     -6.464945E-02
     -1.068386E-01
      2.055612E-01
     -3.799845E-02
      1.596309E-01
     -1.629144E-02
     -1.859283E-01
      1.173628E-01
      2.041290E-02
     -1.569246E-01
     -3.841857E-02
     -1.241894E-01
     -1.367878E-01
      8.073579E-02
      8.488357E-02
     -8.488357E-02
     -8.073579E-02
      1.367878E-01
      1.241894E-01
      3.841857E-02
      1.569246E-01
     -2.041290E-02
     -1.173628E-01
      1.859283E-01
      1.629144E-02
     -1.596309E-01
      3.799845E-02
     -2.055612E-01
      1.068386E-01
      6.464945E-02
      3.117596E-02
      1.410884E-01
     -1.977002E-01
      3.201322E-02
      3.612013E-02
      1.351326E-01
     -2.038235E-01
      1.365738E-02
      2.405336E-01
      7.380594E-02
     -2.420367E-03
      6.760135E-04
      3.543070E-01
     -5.071220E-02
      1.157921E-01
      1.355969E-01
     -4.739260E-01
     -2.623504E-01
     -2.977412E-01
     -2.120021E-02
     -1.138573E-01
      2.204596E+00
