       +0.000000        0.000000
       +0.001000        1.863024
       +0.002000       -0.364436
       +0.003000        0.529124
       +0.004000        0.879276
       +0.005000       -0.397026
       +0.006000       -0.799231
       +0.007000       -0.425220
       +0.008000        3.184564
       +0.009000        5.985388
       +0.010000        4.666887
       +0.011000        7.733197
       +0.012000        8.489988
       +0.013000        8.458320
       +0.014000        9.204450
       +0.015000        9.030870
       +0.016000        8.938113
       +0.017000       10.459197
       +0.018000       11.899618
       +0.019000       13.348197
       +0.020000       14.051081
       +0.021000       12.874981
       +0.022000       13.623606
       +0.023000       15.285228
       +0.024000       15.805509
       +0.025000       16.871588
       +0.026000       17.629860
       +0.027000       17.357806
       +0.028000       17.683064
       +0.029000       16.927168
       +0.030000       17.846950
       +0.031000       16.731267
       +0.032000       15.693783
       +0.033000       14.915671
       +0.034000       12.002773
       +0.035000       13.472540
       +0.036000       13.829118
       +0.037000       13.105576
       +0.038000       14.507261
       +0.039000       12.827131
       +0.040000       12.756276
       +0.041000       12.546215
       +0.042000       12.896809
       +0.043000       13.241054
       +0.044000       12.407561
       +0.045000       12.408896
       +0.046000       12.275404
       +0.047000       12.934498
       +0.048000       14.059150
       +0.049000       15.199810
       +0.050000       14.367544
       +0.051000       14.476290
       +0.052000       13.293559
       +0.053000       12.211445
       +0.054000       12.235983
       +0.055000       13.800000
       +0.056000       13.061720
       +0.057000       13.464486
       +0.058000       13.270288
       +0.059000       14.419031
       +0.060000       13.361353
       +0.061000       13.425298
       +0.062000       14.009211
       +0.063000       15.141208
       +0.064000       16.716807
       +0.065000       16.834124
       +0.066000       15.373921
       +0.067000       14.663006
       +0.068000       13.632811
       +0.069000       16.014655
       +0.070000       15.430439
       +0.071000       16.209903
       +0.072000       16.048871
       +0.073000       16.968868
       +0.074000       16.235406
       +0.075000       14.864523
       +0.076000       13.473534
       +0.077000       13.993115
       +0.078000       13.847126
       +0.079000       13.682459
       +0.080000       15.133156
       +0.081000       15.456127
       +0.082000       15.685325
       +0.083000       17.304411
       +0.084000       16.531331
       +0.085000       17.259342
       +0.086000       18.125817
       +0.087000       17.913489
       +0.088000       18.160546
       +0.089000       17.026088
       +0.090000       15.909522
       +0.091000       16.045784
       +0.092000       16.799424
       +0.093000       19.416302
       +0.094000       18.780798
       +0.095000       18.999516
       +0.096000       18.948408
       +0.097000       17.046772
       +0.098000       16.639193
       +0.099000       14.875900
       +0.100000       15.747663
       +0.101000       14.891017
       +0.102000       15.022497
       +0.103000       14.509354
       +0.104000       14.844262
       +0.105000       14.275322
       +0.106000       14.796674
       +0.107000       15.567424
       +0.108000       17.310698
       +0.109000       17.147961
       +0.110000       15.040993
       +0.111000       14.232791
       +0.112000       15.618772
       +0.113000       14.578003
       +0.114000       15.570344
       +0.115000       15.725780
       +0.116000       17.193864
       +0.117000       15.264350
       +0.118000       15.098039
       +0.119000       13.921580
       +0.120000       16.860975
       +0.121000       17.717580
       +0.122000       19.127939
       +0.123000       18.101145
       +0.124000       17.663916
       +0.125000       17.422834
       +0.126000       18.552645
       +0.127000       18.306160
       +0.128000       19.039088
       +0.129000       17.018658
       +0.130000       16.696195
       +0.131000       15.903995
       +0.132000       14.358325
       +0.133000       14.897686
       +0.134000       15.211057
       +0.135000       15.275923
       +0.136000       13.973632
       +0.137000       15.132511
       +0.138000       15.514077
       +0.139000       15.246398
       +0.140000       15.300674
       +0.141000       15.070065
       +0.142000       13.351240
       +0.143000       13.096975
       +0.144000       12.296996
       +0.145000       11.349176
       +0.146000       10.224161
       +0.147000        9.721991
       +0.148000        7.750742
       +0.149000        8.746358
       +0.150000        9.297804
       +0.151000        9.309163
       +0.152000        9.305779
       +0.153000        8.539002
       +0.154000        9.589074
       +0.155000        9.487243
       +0.156000        8.804100
       +0.157000       10.186872
       +0.158000        9.993488
       +0.159000        9.435845
       +0.160000        9.173478
       +0.161000        8.356939
       +0.162000        7.268197
       +0.163000        9.825584
       +0.164000       11.512468
       +0.165000       11.851390
       +0.166000       10.625658
       +0.167000        9.791577
       +0.168000        9.646429
       +0.169000       10.469232
       +0.170000        9.168614
       +0.171000        6.870134
       +0.172000        5.452423
       +0.173000        5.817321
       +0.174000        6.240061
       +0.175000        6.723127
       +0.176000        6.624229
       +0.177000        6.839305
       +0.178000        6.394538
       +0.179000        7.287947
       +0.180000        5.957639
       +0.181000        6.444055
       +0.182000        5.626733
       +0.183000        5.323232
       +0.184000        5.907402
       +0.185000        6.977880
       +0.186000        5.891628
       +0.187000        7.183673
       +0.188000        7.875203
       +0.189000        7.838724
       +0.190000        7.674889
       +0.191000        7.488670
       +0.192000        7.216949
       +0.193000        7.271381
       +0.194000        7.354058
       +0.195000        8.211508
       +0.196000        9.769871
       +0.197000       10.268172
       +0.198000       10.089845
       +0.199000       10.746422
       +0.200000       10.961036
       +0.201000        9.962656
       +0.202000       10.943264
       +0.203000       11.281713
       +0.204000       11.448274
       +0.205000       11.994907
       +0.206000       12.287700
       +0.207000       11.377601
       +0.208000       11.246650
       +0.209000       11.131982
       +0.210000       10.631358
       +0.211000       12.344848
       +0.212000       11.500505
       +0.213000       11.048077
       +0.214000       10.367459
       +0.215000        9.224633
       +0.216000        9.063780
       +0.217000        8.821097
       +0.218000       10.382556
       +0.219000       10.164918
       +0.220000        9.132091
       +0.221000       10.766935
       +0.222000       12.033001
       +0.223000       11.834761
       +0.224000       10.359988
       +0.225000        9.946747
       +0.226000        9.822193
       +0.227000       10.129648
       +0.228000        9.899871
       +0.229000       10.374679
       +0.230000       10.797960
       +0.231000        9.578668
       +0.232000        8.662094
       +0.233000        7.952374
       +0.234000        7.475943
       +0.235000        7.186755
       +0.236000        7.230610
       +0.237000        4.232820
       +0.238000        3.807192
       +0.239000        5.081027
       +0.240000        4.045712
       +0.241000        5.010827
       +0.242000        5.392535
       +0.243000        5.394916
       +0.244000        5.608754
       +0.245000        4.075085
       +0.246000        4.021932
       +0.247000        5.657265
       +0.248000        5.787000
       +0.249000        5.859760
       +0.250000        5.156978
       +0.251000        5.157551
       +0.252000        5.421284
       +0.253000        5.879058
       +0.254000        5.537636
       +0.255000        5.332569
       +0.256000        7.387646
       +0.257000        5.160679
       +0.258000        7.421511
       +0.259000        7.790462
       +0.260000        8.821909
       +0.261000        7.189131
       +0.262000        6.630483
       +0.263000        6.383806
       +0.264000        6.837908
       +0.265000        5.199094
       +0.266000        5.702115
       +0.267000        4.520655
       +0.268000        4.618231
       +0.269000        5.301974
       +0.270000        5.660421
       +0.271000        6.774441
       +0.272000        7.811905
       +0.273000        7.192384
       +0.274000        7.480826
       +0.275000        6.567835
       +0.276000        5.277433
       +0.277000        6.233646
       +0.278000        6.265083
       +0.279000        6.241550
       +0.280000        7.184064
       +0.281000        7.810035
       +0.282000        8.191623
       +0.283000        9.473260
       +0.284000       10.434437
       +0.285000       10.705586
       +0.286000       10.046612
       +0.287000        9.426445
       +0.288000       10.649934
       +0.289000        9.069490
       +0.290000        9.076415
       +0.291000        7.158954
       +0.292000        8.210839
       +0.293000        9.103942
       +0.294000        9.136491
       +0.295000        9.097040
       +0.296000        6.642143
       +0.297000        7.254702
       +0.298000        5.093654
       +0.299000        2.805760
       +0.300000        2.917080
       +0.301000        1.999986
       +0.302000        2.442863
       +0.303000        3.151228
       +0.304000        4.040347
       +0.305000        3.380575
       +0.306000        3.861339
       +0.307000        3.993359
       +0.308000        4.850816
       +0.309000        5.418359
       +0.310000        6.347634
       +0.311000        6.247083
       +0.312000        6.131269
       +0.313000        7.170429
       +0.314000        5.078160
       +0.315000        4.604960
       +0.316000        3.365752
       +0.317000        3.014554
       +0.318000        3.694620
       +0.319000        4.551734
       +0.320000        3.568177
       +0.321000        3.128494
       +0.322000        3.296905
       +0.323000        3.036429
       +0.324000        3.369634
       +0.325000        3.800951
       +0.326000        2.902377
       +0.327000        2.756933
       +0.328000        0.656225
       +0.329000        1.832973
       +0.330000        1.235269
       +0.331000        0.062806
       +0.332000       -0.159752
       +0.333000       -1.557012
       +0.334000       -1.546483
       +0.335000       -2.075761
       +0.336000        0.133404
       +0.337000        1.303256
       +0.338000       -1.162244
       +0.339000       -0.689530
       +0.340000       -2.056281
       +0.341000       -2.279950
       +0.342000       -2.084159
       +0.343000       -1.305038
       +0.344000       -1.546699
       +0.345000        0.060988
       +0.346000       -0.388562
       +0.347000       -0.029663
       +0.348000        0.666457
       +0.349000        0.783033
       +0.350000        1.695372
       +0.351000        2.049972
       +0.352000        1.297212
       +0.353000       -0.476774
       +0.354000        1.413205
       +0.355000        0.840062
       +0.356000        0.974808
       +0.357000        1.569362
       +0.358000        1.714346
       +0.359000        0.841006
       +0.360000        0.404678
       +0.361000        0.311175
       +0.362000        1.821520
       +0.363000        0.992091
       +0.364000        1.808146
       +0.365000        2.148156
       +0.366000        1.945683
       +0.367000        0.920097
       +0.368000        0.667342
       +0.369000        0.612039
       +0.370000       -0.825970
       +0.371000       -0.602401
       +0.372000       -1.393307
       +0.373000       -1.456161
       +0.374000       -1.088561
       +0.375000       -1.961829
       +0.376000       -2.218698
       +0.377000       -1.837249
       +0.378000       -3.641721
       +0.379000       -2.574359
       +0.380000       -0.118511
       +0.381000        0.872276
       +0.382000        0.587891
       +0.383000        1.047900
       +0.384000        0.043302
       +0.385000        1.952554
       +0.386000        2.924645
       +0.387000        3.743378
       +0.388000        2.898890
       +0.389000        3.250226
       +0.390000        2.723319
       +0.391000        2.443276
       +0.392000        1.904653
       +0.393000        0.910306
       +0.394000        0.032947
       +0.395000       -0.145564
       +0.396000       -1.813041
       +0.397000       -1.174054
       +0.398000       -1.260466
       +0.399000       -0.529919
       +0.400000       -0.228883
       +0.401000        0.296790
       +0.402000       -1.154944
       +0.403000       -2.143822
       +0.404000       -2.559430
       +0.405000       -2.418385
       +0.406000       -1.258262
       +0.407000       -1.516838
       +0.408000       -0.223901
       +0.409000        0.282911
       +0.410000        1.488414
       +0.411000        1.646748
       +0.412000        1.021319
       +0.413000       -0.428694
       +0.414000       -0.241818
       +0.415000        0.608120
       +0.416000        0.346919
       +0.417000       -0.162481
       +0.418000       -0.439736
       +0.419000       -1.504943
       +0.420000       -1.966566
       +0.421000       -2.115919
       +0.422000       -2.038691
       +0.423000       -2.071087
       +0.424000       -1.428365
       +0.425000       -1.287661
       +0.426000        0.557741
       +0.427000        0.901152
       +0.428000        2.737032
       +0.429000        2.045297
       +0.430000        2.603231
       +0.431000        2.374367
       +0.432000        3.005896
       +0.433000        3.631214
       +0.434000        1.476579
       +0.435000        0.180922
       +0.436000       -1.228705
       +0.437000       -0.795474
       +0.438000        0.706114
       +0.439000        0.410687
       +0.440000        1.254396
       +0.441000        1.831323
       +0.442000        0.811078
       +0.443000        1.239931
       +0.444000        0.519423
       +0.445000        2.067077
       +0.446000        2.065897
       +0.447000        3.733283
       +0.448000        3.339611
       +0.449000        3.960432
       +0.450000        3.929027
       +0.451000        1.938455
       +0.452000        0.987710
       +0.453000        1.631608
       +0.454000        1.608108
       +0.455000        0.520763
       +0.456000       -0.074229
       +0.457000        0.206676
       +0.458000       -0.754957
       +0.459000        0.251380
       +0.460000       -0.357943
       +0.461000        1.482307
       +0.462000        0.433827
       +0.463000        0.664403
       +0.464000       -0.825237
       +0.465000       -1.517481
       +0.466000       -2.079345
       +0.467000       -1.646622
       +0.468000       -0.673102
       +0.469000       -0.341229
       +0.470000       -0.682913
       +0.471000        0.163962
       +0.472000        0.994236
       +0.473000        1.145828
       +0.474000        1.748462
       +0.475000        2.192645
       +0.476000        1.237070
       +0.477000        2.028025
       +0.478000        1.402210
       +0.479000        0.829678
       +0.480000        1.038012
       +0.481000        0.761895
       +0.482000        0.661461
       +0.483000        1.288206
       +0.484000        2.366425
       +0.485000        2.199853
       +0.486000        2.558918
       +0.487000        2.352003
       +0.488000        2.612987
       +0.489000        3.084371
       +0.490000        2.498892
       +0.491000        2.805115
       +0.492000        3.437604
       +0.493000        3.561299
       +0.494000        5.322527
       +0.495000        4.745356
       +0.496000        4.039683
       +0.497000        2.321190
       +0.498000        3.263060
       +0.499000        4.161529
       +0.500000        4.113023
       +0.501000        5.042885
       +0.502000        5.257975
       +0.503000        5.580152
       +0.504000        5.724484
       +0.505000        6.195823
       +0.506000        6.328872
       +0.507000        9.147594
       +0.508000        8.012315
       +0.509000        6.189403
       +0.510000        5.080108
       +0.511000        4.018152
       +0.512000        3.615929
       +0.513000        3.478846
       +0.514000        3.291699
       +0.515000        3.864420
       +0.516000        4.285073
       +0.517000        5.067689
       +0.518000        6.877331
       +0.519000        8.131780
       +0.520000        6.879911
       +0.521000        4.582343
       +0.522000        5.515661
       +0.523000        3.711409
       +0.524000        3.809553
       +0.525000        3.876419
       +0.526000        6.134974
       +0.527000        6.097146
       +0.528000        5.621210
       +0.529000        5.888406
       +0.530000        6.165598
       +0.531000        6.267030
       +0.532000        5.689836
       +0.533000        4.498629
       +0.534000        4.846516
       +0.535000        3.535034
       +0.536000        2.534236
       +0.537000        3.896838
       +0.538000        3.509322
       +0.539000        3.400387
       +0.540000        4.331596
       +0.541000        4.062872
       +0.542000        5.123624
       +0.543000        4.809945
       +0.544000        5.854133
       +0.545000        6.514854
       +0.546000        6.333226
       +0.547000        5.498915
       +0.548000        4.487194
       +0.549000        4.248512
       +0.550000        3.841757
       +0.551000        3.464469
       +0.552000        4.479401
       +0.553000        4.213091
       +0.554000        5.388156
       +0.555000        4.887923
       +0.556000        5.891875
       +0.557000        5.401012
       +0.558000        5.608976
       +0.559000        6.611101
       +0.560000        6.228515
       +0.561000        5.821631
       +0.562000        7.856408
       +0.563000        8.838789
       +0.564000        8.438171
       +0.565000        9.118499
       +0.566000        8.789809
       +0.567000        9.527081
       +0.568000       10.974317
       +0.569000        9.401188
       +0.570000       10.461427
       +0.571000       11.950782
       +0.572000       12.029640
       +0.573000       13.807283
       +0.574000       13.994057
       +0.575000       12.788324
       +0.576000       10.626217
       +0.577000       10.324196
       +0.578000       11.069126
       +0.579000       11.417921
       +0.580000       11.862918
       +0.581000       11.317219
       +0.582000       11.492607
       +0.583000        9.885328
       +0.584000        9.156625
       +0.585000        8.369219
       +0.586000        8.920334
       +0.587000        8.937561
       +0.588000        7.813418
       +0.589000        7.835280
       +0.590000        7.176856
       +0.591000        6.541544
       +0.592000        7.437080
       +0.593000        7.581886
       +0.594000        8.011635
       +0.595000        8.926992
       +0.596000        9.138636
       +0.597000        9.720878
       +0.598000       10.435228
       +0.599000       11.637224
       +0.600000       12.144471
       +0.601000       13.588090
       +0.602000       13.642086
       +0.603000       13.625603
       +0.604000       15.358324
       +0.605000       14.879999
       +0.606000       14.908531
       +0.607000       15.859785
       +0.608000       16.040980
       +0.609000       17.477300
       +0.610000       18.542808
       +0.611000       18.865765
       +0.612000       18.119453
       +0.613000       18.717536
       +0.614000       17.366302
       +0.615000       17.642163
       +0.616000       18.481989
       +0.617000       18.726417
       +0.618000       19.637481
       +0.619000       21.707744
       +0.620000       22.663063
       +0.621000       22.961367
       +0.622000       23.634415
       +0.623000       24.091287
       +0.624000       22.807950
       +0.625000       22.422926
       +0.626000       23.679000
       +0.627000       23.666803
       +0.628000       24.280613
       +0.629000       23.305499
       +0.630000       23.401403
       +0.631000       24.033081
       +0.632000       22.702953
       +0.633000       23.081933
       +0.634000       22.931476
       +0.635000       22.023328
       +0.636000       22.017181
       +0.637000       20.152264
       +0.638000       18.055673
       +0.639000       16.910137
       +0.640000       15.950991
       +0.641000       14.809346
       +0.642000       13.115305
       +0.643000       13.434919
       +0.644000       11.872122
       +0.645000       12.013728
       +0.646000       12.832181
       +0.647000       12.861341
       +0.648000       12.985836
       +0.649000       12.639066
       +0.650000       11.187777
       +0.651000       11.175345
       +0.652000       12.167557
       +0.653000       13.937188
       +0.654000       13.538369
       +0.655000       11.942433
       +0.656000       12.140167
       +0.657000       12.547819
       +0.658000       12.352256
       +0.659000       11.234730
       +0.660000       13.290449
       +0.661000       10.962312
       +0.662000       10.483727
       +0.663000        9.193488
       +0.664000        8.588747
       +0.665000        8.937985
       +0.666000        9.107419
       +0.667000        8.428071
       +0.668000        9.236461
       +0.669000        9.890242
       +0.670000       10.569009
       +0.671000       10.174764
       +0.672000       11.254732
       +0.673000       11.946826
       +0.674000       14.486985
       +0.675000       15.581831
       +0.676000       16.770139
       +0.677000       16.854505
       +0.678000       15.597506
       +0.679000       15.257671
       +0.680000       14.531266
       +0.681000       13.998683
       +0.682000       14.585209
       +0.683000       14.059817
       +0.684000       13.196091
       +0.685000       12.818150
       +0.686000       12.688650
       +0.687000       13.129371
       +0.688000       12.208122
       +0.689000       12.556826
       +0.690000       12.666232
       +0.691000       14.022005
       +0.692000       13.840221
       +0.693000       13.737129
       +0.694000       12.597160
       +0.695000       11.243284
       +0.696000       11.585179
       +0.697000       11.367076
       +0.698000       11.902207
       +0.699000       11.040932
       +0.700000       12.980831
       +0.701000       13.134449
       +0.702000       14.212869
       +0.703000       14.017335
       +0.704000       13.886220
       +0.705000       14.607658
       +0.706000       15.194802
       +0.707000       14.105934
       +0.708000       12.604627
       +0.709000       11.538146
       +0.710000       10.153759
       +0.711000       10.244717
       +0.712000        9.864852
       +0.713000        9.528228
       +0.714000        8.198652
       +0.715000        9.009606
       +0.716000        9.480404
       +0.717000        9.422168
       +0.718000       10.474735
       +0.719000        9.632142
       +0.720000       10.078229
       +0.721000       10.458057
       +0.722000       10.838698
       +0.723000       10.140837
       +0.724000       10.499064
       +0.725000       10.015569
       +0.726000        9.150510
       +0.727000        7.978628
       +0.728000        9.047831
       +0.729000        8.233273
       +0.730000        8.091746
       +0.731000        6.914481
       +0.732000        6.648741
       +0.733000        3.448089
       +0.734000        2.392517
       +0.735000        0.997467
       +0.736000        0.014403
       +0.737000       -0.167477
       +0.738000       -0.461438
       +0.739000        1.514346
       +0.740000        0.973960
       +0.741000        0.755314
       +0.742000       -0.782615
       +0.743000       -1.228611
       +0.744000       -2.535201
       +0.745000       -2.473515
       +0.746000       -1.589042
       +0.747000       -1.153401
       +0.748000       -1.822635
       +0.749000       -3.421791
       +0.750000       -1.930391
       +0.751000        0.151038
       +0.752000        0.302925
       +0.753000       -0.655590
       +0.754000        0.573569
       +0.755000        0.012299
       +0.756000       -0.426124
       +0.757000        0.491640
       +0.758000       -0.862193
       +0.759000       -2.787560
       +0.760000       -2.335490
       +0.761000       -1.903365
       +0.762000       -1.776836
       +0.763000       -1.248765
       +0.764000       -0.135138
       +0.765000        0.866697
       +0.766000        0.329514
       +0.767000        1.170873
       +0.768000        1.375507
       +0.769000        0.901351
       +0.770000       -0.260568
       +0.771000        0.417789
       +0.772000        0.095553
       +0.773000        0.173375
       +0.774000       -0.588186
       +0.775000       -2.107314
       +0.776000       -1.904341
       +0.777000       -1.935093
       +0.778000       -0.704679
       +0.779000        0.128412
       +0.780000        1.213103
       +0.781000        0.495613
       +0.782000       -0.409327
       +0.783000       -1.647027
       +0.784000       -1.117660
       +0.785000        1.702808
       +0.786000        2.461767
       +0.787000        1.720090
       +0.788000        2.588110
       +0.789000        1.491166
       +0.790000        0.098083
       +0.791000        0.846912
       +0.792000        0.100393
       +0.793000        0.447766
       +0.794000        1.885687
       +0.795000        2.318199
       +0.796000        3.279246
       +0.797000        1.704830
       +0.798000        2.397753
       +0.799000        4.567642
       +0.800000        5.140168
       +0.801000        3.630678
       +0.802000        3.458922
       +0.803000        2.990343
       +0.804000        3.404754
       +0.805000        3.848176
       +0.806000        4.285055
       +0.807000        3.952661
       +0.808000        3.384775
       +0.809000        2.826573
       +0.810000        3.711501
       +0.811000        1.889879
       +0.812000        1.713963
       +0.813000        2.015728
       +0.814000        1.394343
       +0.815000        1.902957
       +0.816000        1.863024
       +0.817000        1.902957
       +0.818000        1.394343
       +0.819000        2.015728
       +0.820000        1.713963
       +0.821000        1.889879
       +0.822000        3.711501
       +0.823000        2.826573
       +0.824000        3.384775
       +0.825000        3.952661
       +0.826000        4.285055
       +0.827000        3.848176
       +0.828000        3.404754
       +0.829000        2.990343
       +0.830000        3.458922
       +0.831000        3.630678
       +0.832000        5.140168
       +0.833000        4.567642
       +0.834000        2.397753
       +0.835000        1.704830
       +0.836000        3.279246
       +0.837000        2.318199
       +0.838000        1.885687
       +0.839000        0.447766
       +0.840000        0.100393
       +0.841000        0.846912
       +0.842000        0.098083
       +0.843000        1.491166
       +0.844000        2.588110
       +0.845000        1.720090
       +0.846000        2.461767
       +0.847000        1.702808
       +0.848000       -1.117660
       +0.849000       -1.647027
       +0.850000       -0.409327
       +0.851000        0.495613
       +0.852000        1.213103
       +0.853000        0.128412
       +0.854000       -0.704679
       +0.855000       -1.935093
       +0.856000       -1.904341
       +0.857000       -2.107314
       +0.858000       -0.588186
       +0.859000        0.173375
       +0.860000        0.095553
       +0.861000        0.417789
       +0.862000       -0.260568
       +0.863000        0.901351
       +0.864000        1.375507
       +0.865000        1.170873
       +0.866000        0.329514
       +0.867000        0.866697
       +0.868000       -0.135138
       +0.869000       -1.248765
       +0.870000       -1.776836
       +0.871000       -1.903365
       +0.872000       -2.335490
       +0.873000       -2.787560
       +0.874000       -0.862193
       +0.875000        0.491640
       +0.876000       -0.426124
       +0.877000        0.012299
       +0.878000        0.573569
       +0.879000       -0.655590
       +0.880000        0.302925
       +0.881000        0.151038
       +0.882000       -1.930391
       +0.883000       -3.421791
       +0.884000       -1.822635
       +0.885000       -1.153401
       +0.886000       -1.589042
       +0.887000       -2.473515
       +0.888000       -2.535201
       +0.889000       -1.228611
       +0.890000       -0.782615
       +0.891000        0.755314
       +0.892000        0.973960
       +0.893000        1.514346
       +0.894000       -0.461438
       +0.895000       -0.167477
       +0.896000        0.014403
       +0.897000        0.997467
       +0.898000        2.392517
       +0.899000        3.448089
       +0.900000        6.648741
       +0.901000        6.914481
       +0.902000        8.091746
       +0.903000        8.233273
       +0.904000        9.047831
       +0.905000        7.978628
       +0.906000        9.150510
       +0.907000       10.015569
       +0.908000       10.499064
       +0.909000       10.140837
       +0.910000       10.838698
       +0.911000       10.458057
       +0.912000       10.078229
       +0.913000        9.632142
       +0.914000       10.474735
       +0.915000        9.422168
       +0.916000        9.480404
       +0.917000        9.009606
       +0.918000        8.198652
       +0.919000        9.528228
       +0.920000        9.864852
       +0.921000       10.244717
       +0.922000       10.153759
       +0.923000       11.538146
       +0.924000       12.604627
       +0.925000       14.105934
       +0.926000       15.194802
       +0.927000       14.607658
       +0.928000       13.886220
       +0.929000       14.017335
       +0.930000       14.212869
       +0.931000       13.134449
       +0.932000       12.980831
       +0.933000       11.040932
       +0.934000       11.902207
       +0.935000       11.367076
       +0.936000       11.585179
       +0.937000       11.243284
       +0.938000       12.597160
       +0.939000       13.737129
       +0.940000       13.840221
       +0.941000       14.022005
       +0.942000       12.666232
       +0.943000       12.556826
       +0.944000       12.208122
       +0.945000       13.129371
       +0.946000       12.688650
       +0.947000       12.818150
       +0.948000       13.196091
       +0.949000       14.059817
       +0.950000       14.585209
       +0.951000       13.998683
       +0.952000       14.531266
       +0.953000       15.257671
       +0.954000       15.597506
       +0.955000       16.854505
       +0.956000       16.770139
       +0.957000       15.581831
       +0.958000       14.486985
       +0.959000       11.946826
       +0.960000       11.254732
       +0.961000       10.174764
       +0.962000       10.569009
       +0.963000        9.890242
       +0.964000        9.236461
       +0.965000        8.428071
       +0.966000        9.107419
       +0.967000        8.937985
       +0.968000        8.588747
       +0.969000        9.193488
       +0.970000       10.483727
       +0.971000       10.962312
       +0.972000       13.290449
       +0.973000       11.234730
       +0.974000       12.352256
       +0.975000       12.547819
       +0.976000       12.140167
       +0.977000       11.942433
       +0.978000       13.538369
       +0.979000       13.937188
       +0.980000       12.167557
       +0.981000       11.175345
       +0.982000       11.187777
       +0.983000       12.639066
       +0.984000       12.985836
       +0.985000       12.861341
       +0.986000       12.832181
       +0.987000       12.013728
       +0.988000       11.872122
       +0.989000       13.434919
       +0.990000       13.115305
       +0.991000       14.809346
       +0.992000       15.950991
       +0.993000       16.910137
       +0.994000       18.055673
       +0.995000       20.152264
       +0.996000       22.017181
       +0.997000       22.023328
       +0.998000       22.931476
       +0.999000       23.081933
       +1.000000       22.702953
       +1.001000       24.033081
       +1.002000       23.401403
       +1.003000       23.305499
       +1.004000       24.280613
       +1.005000       23.666803
       +1.006000       23.679000
       +1.007000       22.422926
       +1.008000       22.807950
       +1.009000       24.091287
       +1.010000       23.634415
       +1.011000       22.961367
       +1.012000       22.663063
       +1.013000       21.707744
       +1.014000       19.637481
       +1.015000       18.726417
       +1.016000       18.481989
       +1.017000       17.642163
       +1.018000       17.366302
       +1.019000       18.717536
       +1.020000       18.119453
       +1.021000       18.865765
       +1.022000       18.542808
       +1.023000       17.477300
       +1.024000       16.040980
       +1.025000       15.859785
       +1.026000       14.908531
       +1.027000       14.879999
       +1.028000       15.358324
       +1.029000       13.625603
       +1.030000       13.642086
       +1.031000       13.588090
       +1.032000       12.144471
       +1.033000       11.637224
       +1.034000       10.435228
       +1.035000        9.720878
       +1.036000        9.138636
       +1.037000        8.926992
       +1.038000        8.011635
       +1.039000        7.581886
       +1.040000        7.437080
       +1.041000        6.541544
       +1.042000        7.176856
       +1.043000        7.835280
       +1.044000        7.813418
       +1.045000        8.937561
       +1.046000        8.920334
       +1.047000        8.369219
       +1.048000        9.156625
       +1.049000        9.885328
       +1.050000       11.492607
       +1.051000       11.317219
       +1.052000       11.862918
       +1.053000       11.417921
       +1.054000       11.069126
       +1.055000       10.324196
       +1.056000       10.626217
       +1.057000       12.788324
       +1.058000       13.994057
       +1.059000       13.807283
       +1.060000       12.029640
       +1.061000       11.950782
       +1.062000       10.461427
       +1.063000        9.401188
       +1.064000       10.974317
       +1.065000        9.527081
       +1.066000        8.789809
       +1.067000        9.118499
       +1.068000        8.438171
       +1.069000        8.838789
       +1.070000        7.856408
       +1.071000        5.821631
       +1.072000        6.228515
       +1.073000        6.611101
       +1.074000        5.608976
       +1.075000        5.401012
       +1.076000        5.891875
       +1.077000        4.887923
       +1.078000        5.388156
       +1.079000        4.213091
       +1.080000        4.479401
       +1.081000        3.464469
       +1.082000        3.841757
       +1.083000        4.248512
       +1.084000        4.487194
       +1.085000        5.498915
       +1.086000        6.333226
       +1.087000        6.514854
       +1.088000        5.854133
       +1.089000        4.809945
       +1.090000        5.123624
       +1.091000        4.062872
       +1.092000        4.331596
       +1.093000        3.400387
       +1.094000        3.509322
       +1.095000        3.896838
       +1.096000        2.534236
       +1.097000        3.535034
       +1.098000        4.846516
       +1.099000        4.498629
       +1.100000        5.689836
       +1.101000        6.267030
       +1.102000        6.165598
       +1.103000        5.888406
       +1.104000        5.621210
       +1.105000        6.097146
       +1.106000        6.134974
       +1.107000        3.876419
       +1.108000        3.809553
       +1.109000        3.711409
       +1.110000        5.515661
       +1.111000        4.582343
       +1.112000        6.879911
       +1.113000        8.131780
       +1.114000        6.877331
       +1.115000        5.067689
       +1.116000        4.285073
       +1.117000        3.864420
       +1.118000        3.291699
       +1.119000        3.478846
       +1.120000        3.615929
       +1.121000        4.018152
       +1.122000        5.080108
       +1.123000        6.189403
       +1.124000        8.012315
       +1.125000        9.147594
       +1.126000        6.328872
       +1.127000        6.195823
       +1.128000        5.724484
       +1.129000        5.580152
       +1.130000        5.257975
       +1.131000        5.042885
       +1.132000        4.113023
       +1.133000        4.161529
       +1.134000        3.263060
       +1.135000        2.321190
       +1.136000        4.039683
       +1.137000        4.745356
       +1.138000        5.322527
       +1.139000        3.561299
       +1.140000        3.437604
       +1.141000        2.805115
       +1.142000        2.498892
       +1.143000        3.084371
       +1.144000        2.612987
       +1.145000        2.352003
       +1.146000        2.558918
       +1.147000        2.199853
       +1.148000        2.366425
       +1.149000        1.288206
       +1.150000        0.661461
       +1.151000        0.761895
       +1.152000        1.038012
       +1.153000        0.829678
       +1.154000        1.402210
       +1.155000        2.028025
       +1.156000        1.237070
       +1.157000        2.192645
       +1.158000        1.748462
       +1.159000        1.145828
       +1.160000        0.994236
       +1.161000        0.163962
       +1.162000       -0.682913
       +1.163000       -0.341229
       +1.164000       -0.673102
       +1.165000       -1.646622
       +1.166000       -2.079345
       +1.167000       -1.517481
       +1.168000       -0.825237
       +1.169000        0.664403
       +1.170000        0.433827
       +1.171000        1.482307
       +1.172000       -0.357943
       +1.173000        0.251380
       +1.174000       -0.754957
       +1.175000        0.206676
       +1.176000       -0.074229
       +1.177000        0.520763
       +1.178000        1.608108
       +1.179000        1.631608
       +1.180000        0.987710
       +1.181000        1.938455
       +1.182000        3.929027
       +1.183000        3.960432
       +1.184000        3.339611
       +1.185000        3.733283
       +1.186000        2.065897
       +1.187000        2.067077
       +1.188000        0.519423
       +1.189000        1.239931
       +1.190000        0.811078
       +1.191000        1.831323
       +1.192000        1.254396
       +1.193000        0.410687
       +1.194000        0.706114
       +1.195000       -0.795474
       +1.196000       -1.228705
       +1.197000        0.180922
       +1.198000        1.476579
       +1.199000        3.631214
       +1.200000        3.005896
       +1.201000        2.374367
       +1.202000        2.603231
       +1.203000        2.045297
       +1.204000        2.737032
       +1.205000        0.901152
       +1.206000        0.557741
       +1.207000       -1.287661
       +1.208000       -1.428365
       +1.209000       -2.071087
       +1.210000       -2.038691
       +1.211000       -2.115919
       +1.212000       -1.966566
       +1.213000       -1.504943
       +1.214000       -0.439736
       +1.215000       -0.162481
       +1.216000        0.346919
       +1.217000        0.608120
       +1.218000       -0.241818
       +1.219000       -0.428694
       +1.220000        1.021319
       +1.221000        1.646748
       +1.222000        1.488414
       +1.223000        0.282911
       +1.224000       -0.223901
       +1.225000       -1.516838
       +1.226000       -1.258262
       +1.227000       -2.418385
       +1.228000       -2.559430
       +1.229000       -2.143822
       +1.230000       -1.154944
       +1.231000        0.296790
       +1.232000       -0.228883
       +1.233000       -0.529919
       +1.234000       -1.260466
       +1.235000       -1.174054
       +1.236000       -1.813041
       +1.237000       -0.145564
       +1.238000        0.032947
       +1.239000        0.910306
       +1.240000        1.904653
       +1.241000        2.443276
       +1.242000        2.723319
       +1.243000        3.250226
       +1.244000        2.898890
       +1.245000        3.743378
       +1.246000        2.924645
       +1.247000        1.952554
       +1.248000        0.043302
       +1.249000        1.047900
       +1.250000        0.587891
       +1.251000        0.872276
       +1.252000       -0.118511
       +1.253000       -2.574359
       +1.254000       -3.641721
       +1.255000       -1.837249
       +1.256000       -2.218698
       +1.257000       -1.961829
       +1.258000       -1.088561
       +1.259000       -1.456161
       +1.260000       -1.393307
       +1.261000       -0.602401
       +1.262000       -0.825970
       +1.263000        0.612039
       +1.264000        0.667342
       +1.265000        0.920097
       +1.266000        1.945683
       +1.267000        2.148156
       +1.268000        1.808146
       +1.269000        0.992091
       +1.270000        1.821520
       +1.271000        0.311175
       +1.272000        0.404678
       +1.273000        0.841006
       +1.274000        1.714346
       +1.275000        1.569362
       +1.276000        0.974808
       +1.277000        0.840062
       +1.278000        1.413205
       +1.279000       -0.476774
       +1.280000        1.297212
       +1.281000        2.049972
       +1.282000        1.695372
       +1.283000        0.783033
       +1.284000        0.666457
       +1.285000       -0.029663
       +1.286000       -0.388562
       +1.287000        0.060988
       +1.288000       -1.546699
       +1.289000       -1.305038
       +1.290000       -2.084159
       +1.291000       -2.279950
       +1.292000       -2.056281
       +1.293000       -0.689530
       +1.294000       -1.162244
       +1.295000        1.303256
       +1.296000        0.133404
       +1.297000       -2.075761
       +1.298000       -1.546483
       +1.299000       -1.557012
       +1.300000       -0.159752
       +1.301000        0.062806
       +1.302000        1.235269
       +1.303000        1.832973
       +1.304000        0.656225
       +1.305000        2.756933
       +1.306000        2.902377
       +1.307000        3.800951
       +1.308000        3.369634
       +1.309000        3.036429
       +1.310000        3.296905
       +1.311000        3.128494
       +1.312000        3.568177
       +1.313000        4.551734
       +1.314000        3.694620
       +1.315000        3.014554
       +1.316000        3.365752
       +1.317000        4.604960
       +1.318000        5.078160
       +1.319000        7.170429
       +1.320000        6.131269
       +1.321000        6.247083
       +1.322000        6.347634
       +1.323000        5.418359
       +1.324000        4.850816
       +1.325000        3.993359
       +1.326000        3.861339
       +1.327000        3.380575
       +1.328000        4.040347
       +1.329000        3.151228
       +1.330000        2.442863
       +1.331000        1.999986
       +1.332000        2.917080
       +1.333000        2.805760
       +1.334000        5.093654
       +1.335000        7.254702
       +1.336000        6.642143
       +1.337000        9.097040
       +1.338000        9.136491
       +1.339000        9.103942
       +1.340000        8.210839
       +1.341000        7.158954
       +1.342000        9.076415
       +1.343000        9.069490
       +1.344000       10.649934
       +1.345000        9.426445
       +1.346000       10.046612
       +1.347000       10.705586
       +1.348000       10.434437
       +1.349000        9.473260
       +1.350000        8.191623
       +1.351000        7.810035
       +1.352000        7.184064
       +1.353000        6.241550
       +1.354000        6.265083
       +1.355000        6.233646
       +1.356000        5.277433
       +1.357000        6.567835
       +1.358000        7.480826
       +1.359000        7.192384
       +1.360000        7.811905
       +1.361000        6.774441
       +1.362000        5.660421
       +1.363000        5.301974
       +1.364000        4.618231
       +1.365000        4.520655
       +1.366000        5.702115
       +1.367000        5.199094
       +1.368000        6.837908
       +1.369000        6.383806
       +1.370000        6.630483
       +1.371000        7.189131
       +1.372000        8.821909
       +1.373000        7.790462
       +1.374000        7.421511
       +1.375000        5.160679
       +1.376000        7.387646
       +1.377000        5.332569
       +1.378000        5.537636
       +1.379000        5.879058
       +1.380000        5.421284
       +1.381000        5.157551
       +1.382000        5.156978
       +1.383000        5.859760
       +1.384000        5.787000
       +1.385000        5.657265
       +1.386000        4.021932
       +1.387000        4.075085
       +1.388000        5.608754
       +1.389000        5.394916
       +1.390000        5.392535
       +1.391000        5.010827
       +1.392000        4.045712
       +1.393000        5.081027
       +1.394000        3.807192
       +1.395000        4.232820
       +1.396000        7.230610
       +1.397000        7.186755
       +1.398000        7.475943
       +1.399000        7.952374
       +1.400000        8.662094
       +1.401000        9.578668
       +1.402000       10.797960
       +1.403000       10.374679
       +1.404000        9.899871
       +1.405000       10.129648
       +1.406000        9.822193
       +1.407000        9.946747
       +1.408000       10.359988
       +1.409000       11.834761
       +1.410000       12.033001
       +1.411000       10.766935
       +1.412000        9.132091
       +1.413000       10.164918
       +1.414000       10.382556
       +1.415000        8.821097
       +1.416000        9.063780
       +1.417000        9.224633
       +1.418000       10.367459
       +1.419000       11.048077
       +1.420000       11.500505
       +1.421000       12.344848
       +1.422000       10.631358
       +1.423000       11.131982
       +1.424000       11.246650
       +1.425000       11.377601
       +1.426000       12.287700
       +1.427000       11.994907
       +1.428000       11.448274
       +1.429000       11.281713
       +1.430000       10.943264
       +1.431000        9.962656
       +1.432000       10.961036
       +1.433000       10.746422
       +1.434000       10.089845
       +1.435000       10.268172
       +1.436000        9.769871
       +1.437000        8.211508
       +1.438000        7.354058
       +1.439000        7.271381
       +1.440000        7.216949
       +1.441000        7.488670
       +1.442000        7.674889
       +1.443000        7.838724
       +1.444000        7.875203
       +1.445000        7.183673
       +1.446000        5.891628
       +1.447000        6.977880
       +1.448000        5.907402
       +1.449000        5.323232
       +1.450000        5.626733
       +1.451000        6.444055
       +1.452000        5.957639
       +1.453000        7.287947
       +1.454000        6.394538
       +1.455000        6.839305
       +1.456000        6.624229
       +1.457000        6.723127
       +1.458000        6.240061
       +1.459000        5.817321
       +1.460000        5.452423
       +1.461000        6.870134
       +1.462000        9.168614
       +1.463000       10.469232
       +1.464000        9.646429
       +1.465000        9.791577
       +1.466000       10.625658
       +1.467000       11.851390
       +1.468000       11.512468
       +1.469000        9.825584
       +1.470000        7.268197
       +1.471000        8.356939
       +1.472000        9.173478
       +1.473000        9.435845
       +1.474000        9.993488
       +1.475000       10.186872
       +1.476000        8.804100
       +1.477000        9.487243
       +1.478000        9.589074
       +1.479000        8.539002
       +1.480000        9.305779
       +1.481000        9.309163
       +1.482000        9.297804
       +1.483000        8.746358
       +1.484000        7.750742
       +1.485000        9.721991
       +1.486000       10.224161
       +1.487000       11.349176
       +1.488000       12.296996
       +1.489000       13.096975
       +1.490000       13.351240
       +1.491000       15.070065
       +1.492000       15.300674
       +1.493000       15.246398
       +1.494000       15.514077
       +1.495000       15.132511
       +1.496000       13.973632
       +1.497000       15.275923
       +1.498000       15.211057
       +1.499000       14.897686
       +1.500000       14.358325
       +1.501000       15.903995
       +1.502000       16.696195
       +1.503000       17.018658
       +1.504000       19.039088
       +1.505000       18.306160
       +1.506000       18.552645
       +1.507000       17.422834
       +1.508000       17.663916
       +1.509000       18.101145
       +1.510000       19.127939
       +1.511000       17.717580
       +1.512000       16.860975
       +1.513000       13.921580
       +1.514000       15.098039
       +1.515000       15.264350
       +1.516000       17.193864
       +1.517000       15.725780
       +1.518000       15.570344
       +1.519000       14.578003
       +1.520000       15.618772
       +1.521000       14.232791
       +1.522000       15.040993
       +1.523000       17.147961
       +1.524000       17.310698
       +1.525000       15.567424
       +1.526000       14.796674
       +1.527000       14.275322
       +1.528000       14.844262
       +1.529000       14.509354
       +1.530000       15.022497
       +1.531000       14.891017
       +1.532000       15.747663
       +1.533000       14.875900
       +1.534000       16.639193
       +1.535000       17.046772
       +1.536000       18.948408
       +1.537000       18.999516
       +1.538000       18.780798
       +1.539000       19.416302
       +1.540000       16.799424
       +1.541000       16.045784
       +1.542000       15.909522
       +1.543000       17.026088
       +1.544000       18.160546
       +1.545000       17.913489
       +1.546000       18.125817
       +1.547000       17.259342
       +1.548000       16.531331
       +1.549000       17.304411
       +1.550000       15.685325
       +1.551000       15.456127
       +1.552000       15.133156
       +1.553000       13.682459
       +1.554000       13.847126
       +1.555000       13.993115
       +1.556000       13.473534
       +1.557000       14.864523
       +1.558000       16.235406
       +1.559000       16.968868
       +1.560000       16.048871
       +1.561000       16.209903
       +1.562000       15.430439
       +1.563000       16.014655
       +1.564000       13.632811
       +1.565000       14.663006
       +1.566000       15.373921
       +1.567000       16.834124
       +1.568000       16.716807
       +1.569000       15.141208
       +1.570000       14.009211
       +1.571000       13.425298
       +1.572000       13.361353
       +1.573000       14.419031
       +1.574000       13.270288
       +1.575000       13.464486
       +1.576000       13.061720
       +1.577000       13.800000
       +1.578000       12.235983
       +1.579000       12.211445
       +1.580000       13.293559
       +1.581000       14.476290
       +1.582000       14.367544
       +1.583000       15.199810
       +1.584000       14.059150
       +1.585000       12.934498
       +1.586000       12.275404
       +1.587000       12.408896
       +1.588000       12.407561
       +1.589000       13.241054
       +1.590000       12.896809
       +1.591000       12.546215
       +1.592000       12.756276
       +1.593000       12.827131
       +1.594000       14.507261
       +1.595000       13.105576
       +1.596000       13.829118
       +1.597000       13.472540
       +1.598000       12.002773
       +1.599000       14.915671
       +1.600000       15.693783
       +1.601000       16.731267
       +1.602000       17.846950
       +1.603000       16.927168
       +1.604000       17.683064
       +1.605000       17.357806
       +1.606000       17.629860
       +1.607000       16.871588
       +1.608000       15.805509
       +1.609000       15.285228
       +1.610000       13.623606
       +1.611000       12.874981
       +1.612000       14.051081
       +1.613000       13.348197
       +1.614000       11.899618
       +1.615000       10.459197
       +1.616000        8.938113
       +1.617000        9.030870
       +1.618000        9.204450
       +1.619000        8.458320
       +1.620000        8.489988
       +1.621000        7.733197
       +1.622000        4.666887
       +1.623000        5.985388
       +1.624000        3.184564
       +1.625000       -0.425220
       +1.626000       -0.799231
       +1.627000       -0.397026
       +1.628000        0.879276
       +1.629000        0.529124
       +1.630000       -0.364436
       +1.631000        1.863024
